3.400,30,103,41
B0,mixamorig_Hips,-1,0.46467316150665283,0.02741130441427231,0.8850579261779785,0,0.024141304194927216,0.9987569451332092,-0.04360736906528473,0,-0.8851531744003296,0.04162963107228279,0.4634338319301605,0,-0.16410399973392487,10.354268074035645,0.0961259976029396,1
B1,mixamorig_Spine,0,0.9990230202674866,-0.03158092498779297,0.030907992273569107,0,0.027318071573972702,0.9911690354347229,0.12976109981536865,0,-0.03473300859332085,-0.12878991663455963,0.9910630583763123,0,0,1.2427419424057007,-0.1856590062379837,1
B2,mixamorig_Spine1,1,0.9999740123748779,-0.005086763761937618,0.00515309814363718,0,0.004817236680537462,0.9986850023269653,0.05103006586432457,0,-0.005405901465564966,-0.05100393667817116,0.9986839294433594,0,0,1.4659559726715088,0,1
B3,mixamorig_Spine2,2,0.9999750256538391,-0.005032549146562815,0.0048882318660616875,0,0.004776450805366039,0.9986839890480042,0.05106028914451599,0,-0.005138766951858997,-0.05103570967912674,0.9986839890480042,0,0,1.6753770112991333,0,1
B4,mixamorig_Neck,3,0.9899110198020935,-0.017558306455612183,-0.1405991017818451,0,0.047153692692518234,0.9765549898147583,0.21003909409046173,0,0.1336148977279663,-0.21454989910125732,0.9675310850143433,0,0,1.8847999572753906,0,1
B5,mixamorig_Head,4,0.7703239917755127,-0.2151671051979065,-0.6002539396286011,0,0.0529358945786953,0.9596779346466064,-0.27607205510139465,0,0.6354520916938782,0.18088994920253754,0.7506530284881592,0,0,0.855912983417511,0.3470599949359894,1
B6,mixamorig_HeadTop_End,5,1,0,0,0,0,1,0,0,0,0,1,0,0,2.8392999172210693,1.1512919664382935,1
B7,mixamorig_LeftShoulder,3,-0.013308524154126644,0.00458896579220891,-0.9999010562896729,0,0.9468391537666321,-0.32139843702316284,-0.014077305793762207,0,-0.3214312791824341,-0.9469329118728638,-0.00006768180173821747,0,0.652642011642456,1.576030969619751,-0.03514900058507919,1
B8,mixamorig_LeftArm,7,0.9128320813179016,-0.12390879541635513,0.38908085227012634,0,-0.131031796336174,0.8135701417922974,0.5665108561515808,0,-0.38674020767211914,-0.5681111812591553,0.726416826248169,0,0,1.451390027999878,0,1
B9,mixamorig_LeftForeArm,8,0.3571447432041168,0.9323530793190002,-0.0562601275742054,0,-0.93281489610672,0.3529301881790161,-0.07277610898017883,0,-0.0479971319437027,0.07847189158201218,0.9957600235939026,0,0,3.2703590393066406,0,1
B10,mixamorig_LeftHand,9,0.08365274965763092,0.06958965212106705,-0.994062066078186,0,-0.3191763758659363,0.9468752145767212,0.03942684084177017,0,0.9439960718154907,0.31398284435272217,0.10142004489898682,0,0,2.8214590549468994,0,1
B11,mixamorig_LeftHandThumb1,10,0.9189229011535645,0.39217618107795715,-0.04217588156461716,0,-0.3879157602787018,0.9179120063781738,0.08342529833316803,0,0.07143111526966095,-0.060300685465335846,0.9956210851669312,0,-0.3050509989261627,0.43549299240112305,0,1
B12,mixamorig_LeftHandThumb2,11,0.9447870254516602,-0.2282971441745758,0.23507100343704224,0,0.06631685793399811,0.8357348442077637,0.5451143383979797,0,-0.3209049701690674,-0.4994276463985443,0.8047311902046204,0,-0.06800000369548798,0.4198940098285675,0,1
B13,mixamorig_LeftHandThumb3,12,0.6763527989387512,-0.7336682081222534,-0.06540542095899582,0,0.5953086614608765,0.49218320846557617,0.6351081132888794,0,-0.4337673783302307,-0.4684937596321106,0.7696489095687866,0,-0.004792999941855669,0.4857949912548065,0,1
B14,mixamorig_LeftHandThumb4,13,1,0,0,0,0,1,0,0,0,0,1,0,0.07279200106859207,0.44150298833847046,0,1
B15,mixamorig_LeftHandIndex1,10,0.5297990441322327,0.6798698902130127,0.50704026222229,0,-0.6865361332893372,-0.007240453734993935,0.727060079574585,0,0.49797719717025757,-0.7332968711853027,0.4629189670085907,0,0,0.9967560172080994,0,1
B16,mixamorig_LeftHandIndex2,15,0.4127133786678314,0.5730879902839661,0.7079818248748779,0,-0.621606171131134,-0.39093077182769775,0.6788069009780884,0,0.6657877564430237,-0.7202382683753967,0.19489265978336334,0,0.060189999639987946,0.5512700080871582,0,1
B17,mixamorig_LeftHandIndex3,16,0.4078829884529114,0.6849321722984314,0.6037389636039734,0,-0.5985930562019348,-0.2987019121646881,0.7432790398597717,0,0.6894329190254211,-0.6645641922950745,0.2881598472595215,0,-0.026318000629544258,0.4993000030517578,0,1
B18,mixamorig_LeftHandIndex4,17,1,0,0,0,0,1,0,0,0,0,1,0,-0.033872999250888824,0.5011600255966187,0,1
B19,mixamorig_RightShoulder,3,-0.06041014567017555,-0.0014267294900491834,0.9981729984283447,0,-0.9520909786224365,-0.3002561628818512,-0.058050382882356644,0,0.29979029297828674,-0.953857958316803,0.01678011566400528,0,-0.652642011642456,1.5792399644851685,-0.05662799999117851,1
B20,mixamorig_RightArm,19,0.6066628694534302,-0.7615661025047302,0.22798286378383636,0,0.3119729459285736,0.49185705184936523,0.8128650188446045,0,-0.731186032295227,-0.42201095819473267,0.5359798669815063,0,0,1.451390027999878,0,1
B21,mixamorig_RightForeArm,20,-0.35166436433792114,-0.9318938851356506,0.08891350775957108,0,0.9323720932006836,-0.3571685254573822,-0.05579756945371628,0,0.08375450223684311,0.063278429210186,0.9944750666618347,0,0,3.2765069007873535,0,1
B22,mixamorig_RightHand,21,0.8698628544807434,-0.023908931761980057,0.49271419644355774,0,-0.0655159279704094,0.9843770265579224,0.1634320169687271,0,-0.4889237880706787,-0.17444398999214172,0.8547061085700989,0,0,2.8292040824890137,0,1
B23,mixamorig_RightHandThumb1,22,0.9050228595733643,-0.4213373363018036,-0.0583869069814682,0,0.4253316819667816,0.8980751633644104,0.11204973608255386,0,0.005225093103945255,-0.1262412816286087,0.9919859170913696,0,0.32116401195526123,0.5079699754714966,0,1
B24,mixamorig_RightHandThumb2,23,0.9789639115333557,0.14726407825946808,0.141215980052948,0,-0.20027592778205872,0.8257653117179871,0.5272586345672607,0,-0.03896500542759895,-0.5444493293762207,0.8378878235816956,0,0.08328499644994736,0.4735170006752014,0,1
B25,mixamorig_RightHandThumb3,24,0.8834559321403503,0.468298077583313,0.0142400236800313,0,-0.32429787516593933,0.5892947912216187,0.7399742007255554,0,0.33813703060150146,-0.6583527326583862,0.6724842190742493,0,-0.002070999937132001,0.4775800108909607,0,1
B26,mixamorig_RightHandThumb4,25,1,0,0,0,0,1,0,0,0,0,1,0,-0.08121500164270401,0.3971160054206848,0,1
B27,mixamorig_RightHandIndex1,22,0.4679412543773651,-0.7303519248962402,-0.4976118505001068,0,0.7086090445518494,-0.02640116959810257,0.7051068544387817,0,-0.5281139016151428,-0.6825610995292664,0.5051799416542053,0,0,1.0201549530029297,0,1
B28,mixamorig_RightHandIndex2,27,0.354565292596817,-0.6423069834709167,-0.6795036792755127,0,0.6631629467010498,-0.33956530690193176,0.6670158505439758,0,-0.6591647267341614,-0.6871221661567688,0.30555611848831177,0,-0.07540299743413925,0.5894140005111694,0,1
B29,mixamorig_RightHandIndex3,28,0.26823484897613525,-0.7326991558074951,-0.6254609227180481,0,0.6455801129341125,-0.34518367052078247,0.6812301874160767,0,-0.7150359749794006,-0.5865151882171631,0.3804258704185486,0,0.0557279996573925,0.5480239987373352,0,1
B30,mixamorig_RightHandIndex4,29,1,0,0,0,0,1,0,0,0,0,1,0,0.019675999879837036,0.41751301288604736,0,1
B31,mixamorig_LeftUpLeg,0,-0.8616800904273987,-0.3126187324523926,0.39972084760665894,0,0.4667052924633026,-0.7974810004234314,0.38237476348876953,0,0.19923216104507446,0.5160362124443054,0.8330738544464111,0,1.022987961769104,-0.6898429989814758,-0.1812169998884201,1
B32,mixamorig_LeftLeg,31,0.9999939799308777,0.002561025321483612,0.002154048765078187,0,-0.0003319746465422213,0.7164238095283508,-0.6976661086082458,0,-0.0033299513161182404,0.6976608633995056,0.71642005443573,0,0,5.231299877166748,0,1
B33,mixamorig_LeftFoot,32,0.9650149941444397,-0.25967922806739807,0.03624192252755165,0,0.09527778625488281,0.4760799705982208,0.8742250800132751,0,-0.24427208304405212,-0.8401870727539062,0.48416590690612793,0,0,4.76700496673584,0,1
B34,mixamorig_LeftToeBase,33,0.9827679991722107,-3.6242218470761145e-7,0.18484599888324738,0,-0.10650135576725006,0.8173340559005737,0.5662357807159424,0,-0.15108099579811096,-0.576164186000824,0.8032488822937012,0,0,1.9788390398025513,0,1
B35,mixamorig_LeftToe_End,34,1,0,0,0,0,1,0,0,0,0,1,0,0,0.7514830231666565,0,1
B36,mixamorig_RightUpLeg,0,-0.8534061312675476,0.3773142695426941,-0.3596287667751312,0,-0.460557758808136,-0.8689271211624146,0.1812540739774704,0,-0.24410125613212585,0.3203129172325134,0.915321946144104,0,-1.022987961769104,-0.6898429989814758,-0.09872400015592575,1
B37,mixamorig_RightLeg,36,0.9858169555664062,0.01602025143802166,0.16705918312072754,0,0.1146172508597374,0.6628559827804565,-0.7399219870567322,0,-0.1225898265838623,0.7485750317573547,0.6516180038452148,0,0,5.234388828277588,0,1
B38,mixamorig_RightFoot,37,0.9459109902381897,0.32406607270240784,0.015271798707544804,0,-0.065017931163311,0.14324091374874115,0.9875500798225403,0,0.31784379482269287,-0.9351269602775574,0.1565631926059723,0,0,4.769873142242432,0,1
B39,mixamorig_RightToeBase,38,0.9821040034294128,0.00346174743026495,-0.18830695748329163,0,0.10880374163389206,0.8056811094284058,0.5822708606719971,0,0.15373101830482483,-0.5923389792442322,0.7908859252929688,0,0,1.9828089475631714,0,1
B40,mixamorig_RightToe_End,39,1,0,0,0,0,1,0,0,0,0,1,0,0,0.7492420077323914,0,1
@34,0,1,2,3,4,5,7,8,9,10,11,12,13,15,16,17,19,20,21,22,23,24,25,27,28,29,31,32,33,34,36,37,38,39
K0.000,0.4651653468608856,0.028170231729745865,0.8847758173942566,0,0.023968230932950974,0.9987260103225708,-0.04439942166209221,0,-0.8848993182182312,0.04185958206653595,0.4638975262641907,0,-0.16621799767017365,10.351420402526855,0.09956499934196472,1,0.999002993106842,-0.03190077468752861,0.031238729134202003,0,0.027619224041700363,0.9912579655647278,0.12901319563388824,0,-0.03508126735687256,-0.12802180647850037,0.991150975227356,0,0,1.2427419424057007,-0.1856590062379837,1,0.9999729990959167,-0.00516622606664896,0.005223970394581556,0,0.004893774166703224,0.998691976070404,0.05088595300912857,0,-0.005480029620230198,-0.05085904896259308,0.9986910223960876,0,0,1.4659559726715088,0,1,0.9999750852584839,-0.005113150458782911,0.004963576328009367,0,0.0048538497649133205,0.9986910223960876,0.050916679203510284,0,-0.005217424128204584,-0.05089132487773895,0.9986910223960876,0,0,1.6753770112991333,0,1,0.9899529814720154,-0.017637966200709343,-0.140290766954422,0,0.04722902923822403,0.9764509201049805,0.21050502359867096,0,0.13327422738075256,-0.2150159627199173,0.9674739837646484,0,0,1.8847999572753906,0,1,0.7710569500923157,-0.21565188467502594,-0.599138081073761,0,0.05405611917376518,0.9596779346466064,-0.27585628628730774,0,0.6344679594039917,0.18031370639801025,0.7516230344772339,0,0,0.855912983417511,0.3470599949359894,1,-0.013693696819245815,0.004637271165847778,-0.9998949766159058,0,0.9465378522872925,-0.3222671151161194,-0.014457584358751774,0,-0.3223005533218384,-0.9466370940208435,0.000023706645151833072,0,0.652642011642456,1.576030969619751,-0.03514900058507919,1,0.9147100448608398,-0.12261615693569183,0.3850588798522949,0,-0.1281701624393463,0.8156320452690125,0.5641947388648987,0,-0.38324615359306335,-0.5654281973838806,0.7303518652915955,0,0,1.451390027999878,0,1,0.35060879588127136,0.9348002076148987,-0.056770194321870804,0,-0.9352629780769348,0.34635108709335327,-0.07296708971261978,0,-0.04854719340801239,0.07867791503667831,0.9957169890403748,0,0,3.2703590393066406,0,1,0.09334518015384674,0.0677887499332428,-0.9933229684829712,0,-0.31301620602607727,0.9490898847579956,0.03535513952374458,0,0.9451498985290527,0.3076261281967163,0.10981199890375137,0,0,2.8214590549468994,0,1,0.9189229011535645,0.39217618107795715,-0.04217588156461716,0,-0.3879157602787018,0.9179120063781738,0.08342529833316803,0,0.07143111526966095,-0.060300685465335846,0.9956210851669312,0,-0.3050509989261627,0.43549299240112305,0,1,0.9447870254516602,-0.22829711437225342,0.23507113754749298,0,0.06631690263748169,0.8357350826263428,0.5451139807701111,0,-0.3209048807621002,-0.49942705035209656,0.804731011390686,0,-0.06800000369548798,0.4198940098285675,0,1,0.676352858543396,-0.7336681485176086,-0.06540553271770477,0,0.5953088998794556,0.4921833872795105,0.6351089477539062,0,-0.43376752734184265,-0.46849414706230164,0.7696486115455627,0,-0.004792999941855669,0.4857949912548065,0,1,0.5297990441322327,0.6798698902130127,0.50704026222229,0,-0.6865361332893372,-0.007240453734993935,0.727060079574585,0,0.49797719717025757,-0.7332968711853027,0.4629189670085907,0,0,0.9967560172080994,0,1,0.4127133786678314,0.5730879902839661,0.7079818248748779,0,-0.621606171131134,-0.39093077182769775,0.6788069009780884,0,0.6657877564430237,-0.7202382683753967,0.19489265978336334,0,0.060189999639987946,0.5512700080871582,0,1,0.40788328647613525,0.6849316358566284,0.6037392020225525,0,-0.5985930562019348,-0.2987019419670105,0.7432788014411926,0,0.6894330978393555,-0.6645649075508118,0.2881597876548767,0,-0.026318000629544258,0.4993000030517578,0,1,-0.06100276857614517,-0.001333469059318304,0.9981369972229004,0,-0.9522300958633423,-0.2997056245803833,-0.05859751999378204,0,0.2992255687713623,-0.9540310502052307,0.01701316051185131,0,-0.652642011642456,1.5792399644851685,-0.05662799999117851,1,0.6065117120742798,-0.7619041204452515,0.2272561937570572,0,0.31125181913375854,0.49054622650146484,0.8139330148696899,0,-0.7316188216209412,-0.42292606830596924,0.5346661806106567,0,0,1.451390027999878,0,1,-0.35080811381340027,-0.9322218298912048,0.08886240422725677,0,0.932699978351593,-0.3563087582588196,-0.055817168205976486,0,0.0836964026093483,0.06330081820487976,0.9944789409637451,0,0,3.2765069007873535,0,1,0.8686419129371643,-0.02605508454144001,0.4947550892829895,0,-0.06390608102083206,0.9843809604644775,0.16404001414775848,0,-0.491301953792572,-0.17411001026630402,0.8534101247787476,0,0,2.8292040824890137,0,1,0.9050220251083374,-0.42133796215057373,-0.05838645622134209,0,0.42533203959465027,0.8980740308761597,0.11204977333545685,0,0.005224540829658508,-0.12624122202396393,0.9919859170913696,0,0.32116401195526123,0.5079699754714966,0,1,0.9789640307426453,0.14726471900939941,0.14121568202972412,0,-0.20027630031108856,0.8257649540901184,0.5272590517997742,0,-0.03896430879831314,-0.5444499254226685,0.8378880023956299,0,0.08328499644994736,0.4735170006752014,0,1,0.883455753326416,0.46829846501350403,0.014240031130611897,0,-0.3242985010147095,0.5892953872680664,0.7399739027023315,0,0.33813703060150146,-0.6583521366119385,0.672484815120697,0,-0.002070999937132001,0.4775800108909607,0,1,0.4679412543773651,-0.7303519248962402,-0.4976118505001068,0,0.7086090445518494,-0.02640116959810257,0.7051068544387817,0,-0.5281139016151428,-0.6825610995292664,0.5051799416542053,0,0,1.0201549530029297,0,1,0.3545650243759155,-0.642306923866272,-0.6795039176940918,0,0.6631631255149841,-0.33956584334373474,0.6670159697532654,0,-0.6591649651527405,-0.6871220469474792,0.30555596947669983,0,-0.07540299743413925,0.5894140005111694,0,1,0.2682337462902069,-0.7327002286911011,-0.6254608035087585,0,0.6455797553062439,-0.3451841473579407,0.6812301874160767,0,-0.7150368094444275,-0.586513876914978,0.38042646646499634,0,0.0557279996573925,0.5480239987373352,0,1,-0.8614650964736938,-0.3121579885482788,0.4005439579486847,0,0.46677300333976746,-0.797398030757904,0.38246601819992065,0,0.2000030279159546,0.5164439678192139,0.8326370120048523,0,1.022987961769104,-0.6898429989814758,-0.1812169998884201,1,0.999998927116394,0.0006527493242174387,0.0014789793640375137,0,0.000566749251447618,0.7152430415153503,-0.698875904083252,0,-0.0015140206087380648,0.6988760828971863,0.7152419686317444,0,0,5.231299877166748,0,1,0.9652789235115051,-0.25869911909103394,0.03622252866625786,0,0.09450181573629379,0.4751059412956238,0.8748390078544617,0,-0.24352943897247314,-0.8410398960113525,0.4830568730831146,0,0,4.76700496673584,0,1,0.9827679991722107,-9.36138206952819e-8,0.18484541773796082,0,-0.10650109499692917,0.817333996295929,0.5662349462509155,0,-0.15108057856559753,-0.5761640667915344,0.8032500147819519,0,0,1.9788390398025513,0,1,-0.8527028560638428,0.37839388847351074,-0.36016103625297546,0,-0.46170711517333984,-0.8684258460998535,0.18073010444641113,0,-0.24438591301441193,0.32039788365364075,0.9152160882949829,0,-1.022987961769104,-0.6898429989814758,-0.09872400015592575,1,0.985736072063446,0.016125930473208427,0.16752557456493378,0,0.1149999350309372,0.6622361540794373,-0.7404168248176575,0,-0.1228814348578453,0.7491211891174316,0.6509357690811157,0,0,5.234388828277588,0,1,0.9457501769065857,0.3245247006416321,0.015528492629528046,0,-0.06507328152656555,0.14238065481185913,0.9876710176467896,0,0.3183124363422394,-0.935099720954895,0.1557742804288864,0,0,4.769873142242432,0,1,0.9821059703826904,0.00344333634711802,-0.18829895555973053,0,0.10879633575677872,0.8057472109794617,0.5821805000305176,0,0.1537260264158249,-0.5922492742538452,0.7909547090530396,0,0,1.9828089475631714,0,1
K0.033,0.4721962809562683,0.02376081421971321,0.8811728358268738,0,0.02413189597427845,0.9989140033721924,-0.03986732289195061,0,-0.8811630010604858,0.04008956253528595,0.4711099863052368,0,-0.1806231439113617,10.351829528808594,0.0604405552148819,1,0.9990509152412415,-0.03136199712753296,0.030227260664105415,0,0.027109915390610695,0.9908720254898071,0.13205091655254364,0,-0.0340927354991436,-0.1311061531305313,0.9907820820808411,0,0,1.2427419424057007,-0.1856590062379837,1,0.9999740123748779,-0.005102607421576977,0.005065148696303368,0,0.004835375119000673,0.9986640214920044,0.05143791064620018,0,-0.005320850294083357,-0.05141209810972214,0.9986630082130432,0,0,1.4659559726715088,0,1,0.9999760389328003,-0.005050646606832743,0.004812246188521385,0,0.004796336404979229,0.9986630082130432,0.0514671690762043,0,-0.005065753124654293,-0.051442839205265045,0.9986630082130432,0,0,1.6753770112991333,0,1,0.9901091456413269,-0.01731986366212368,-0.1392296850681305,0,0.04655910283327103,0.9766780138015747,0.20960089564323425,0,0.13235226273536682,-0.2140100747346878,0.96782386302948,0,0,1.8847999572753906,0,1,0.7739119529724121,-0.21633900701999664,-0.5951961874961853,0,0.05341600254178047,0.9587919116020203,-0.27904215455055237,0,0.6310367584228516,0.1841609925031662,0.7535762190818787,0,0,0.855912983417511,0.3470599949359894,1,-0.01353191677480936,0.004520991817116737,-0.9998980760574341,0,0.9472060203552246,-0.32030704617500305,-0.01426706463098526,0,-0.32033902406692505,-0.9473029971122742,0.00005204495755606331,0,0.652642011642456,1.576030969619751,-0.03514900058507919,1,0.9121499061584473,-0.11948084831237793,0.3920553922653198,0,-0.13742397725582123,0.8120340704917908,0.5671998858451843,0,-0.38613179326057434,-0.5712490081787109,0.7242770791053772,0,0,1.451390027999878,0,1,0.3581992983818054,0.9319539070129395,-0.056178074330091476,0,-0.9324148297309875,0.35399144887924194,-0.07274463027715683,0,-0.047908078879117966,0.07843833416700363,0.9957669973373413,0,0,3.2703590393066406,0,1,0.13556960225105286,0.06521369516849518,-0.988618791103363,0,-0.3119283616542816,0.9498971700668335,0.01988460123538971,0,0.9403838515281677,0.3056827783584595,0.1491193175315857,0,0,2.8214590549468994,0,1,0.9189230799674988,0.3921757638454437,-0.04217599704861641,0,-0.3879152536392212,0.917911946773529,0.08342477679252625,0,0.071431003510952,-0.06030021980404854,0.9956210255622864,0,-0.3050509989261627,0.43549299240112305,0,1,0.9447870254516602,-0.2282971441745758,0.23507100343704224,0,0.06631685793399811,0.8357348442077637,0.5451143383979797,0,-0.3209049701690674,-0.4994276463985443,0.8047311902046204,0,-0.06800000369548798,0.4198940098285675,0,1,0.6763529181480408,-0.7336680889129639,-0.06540525704622269,0,0.5953088998794556,0.49218371510505676,0.635108232498169,0,-0.43376725912094116,-0.46849367022514343,0.7696490287780762,0,-0.004792999941855669,0.4857949912548065,0,1,0.5297990441322327,0.6798698902130127,0.50704026222229,0,-0.6865361332893372,-0.007240453734993935,0.727060079574585,0,0.49797719717025757,-0.7332968711853027,0.4629189670085907,0,0,0.9967560172080994,0,1,0.4127133786678314,0.5730879902839661,0.7079818248748779,0,-0.621606171131134,-0.39093077182769775,0.6788069009780884,0,0.6657877564430237,-0.7202382683753967,0.19489265978336334,0,0.060189999639987946,0.5512700080871582,0,1,0.40788260102272034,0.6849321126937866,0.6037381887435913,0,-0.5985928177833557,-0.29870176315307617,0.7432791590690613,0,0.6894331574440002,-0.664563775062561,0.2881600856781006,0,-0.026318000629544258,0.4993000030517578,0,1,-0.05947497487068176,-0.0016019896138459444,0.9982290267944336,0,-0.9517760276794434,-0.30141517519950867,-0.05719096586108208,0,0.3009730279445648,-0.9534920454025269,0.016401875764131546,0,-0.652642011642456,1.5792399644851685,-0.05662799999117851,1,0.6181778907775879,-0.7510201334953308,0.23200200498104095,0,0.3208940029144287,0.5105614066123962,0.7977188229560852,0,-0.7175537943840027,-0.41868388652801514,0.5566153526306152,0,0,1.451390027999878,0,1,-0.3616878092288971,-0.9279918670654297,0.08951418101787567,0,0.9284679293632507,-0.3672329783439636,-0.055563610047101974,0,0.08443517982959747,0.06301438808441162,0.9944349527359009,0,0,3.2765069007873535,0,1,0.8821200132369995,-0.02499995008111,0.47036007046699524,0,-0.059558842331171036,0.9846549034118652,0.16403257846832275,0,-0.4672434329986572,-0.1727106273174286,0.8670953512191772,0,0,2.8292040824890137,0,1,0.9050220251083374,-0.4213379919528961,-0.05838596075773239,0,0.4253320097923279,0.8980740308761597,0.1120498850941658,0,0.005224043969064951,-0.12624111771583557,0.9919859766960144,0,0.32116401195526123,0.5079699754714966,0,1,0.9789640307426453,0.14726456999778748,0.14121617376804352,0,-0.2002764344215393,0.8257649540901184,0.5272589325904846,0,-0.03896481543779373,-0.5444499850273132,0.8378880620002747,0,0.08328499644994736,0.4735170006752014,0,1,0.8834559321403503,0.4682981073856354,0.01423982810229063,0,-0.32429787516593933,0.5892950892448425,0.7399739623069763,0,0.33813682198524475,-0.6583520174026489,0.6724840402603149,0,-0.002070999937132001,0.4775800108909607,0,1,0.46794113516807556,-0.7303518652915955,-0.49761199951171875,0,0.7086088061332703,-0.026401706039905548,0.7051070332527161,0,-0.5281140208244324,-0.6825607419013977,0.5051792860031128,0,0,1.0201549530029297,0,1,0.3545650243759155,-0.642306923866272,-0.6795039176940918,0,0.6631631255149841,-0.33956584334373474,0.6670159697532654,0,-0.6591649651527405,-0.6871220469474792,0.30555596947669983,0,-0.07540299743413925,0.5894140005111694,0,1,0.2682346999645233,-0.7326998114585876,-0.6254612803459167,0,0.6455798149108887,-0.3451838195323944,0.6812301278114319,0,-0.7150362133979797,-0.5865146517753601,0.38042595982551575,0,0.0557279996573925,0.5480239987373352,0,1,-0.8605847954750061,-0.3149670958518982,0.40023714303970337,0,0.470024049282074,-0.7937948703765869,0.38596197962760925,0,0.19614088535308838,0.5202740430831909,0.8311699628829956,0,1.022987961769104,-0.6898429989814758,-0.1812169998884201,1,0.9999939799308777,0.0016587541904300451,-0.0029602518770843744,0,-0.00324720935896039,0.7210078835487366,-0.692919135093689,0,0.0009849828202277422,0.6929247975349426,0.7210091948509216,0,0,5.231299877166748,0,1,0.9645571112632751,-0.2612655460834503,0.03700161725282669,0,0.09727246314287186,0.4824052155017853,0.87052983045578,0,-0.2452893853187561,-0.836077094078064,0.4907216429710388,0,0,4.76700496673584,0,1,0.9827679991722107,-3.935250276754232e-7,0.184845969080925,0,-0.10650137811899185,0.8173338174819946,0.566236138343811,0,-0.15108101069927216,-0.5761647820472717,0.8032490611076355,0,0,1.9788390398025513,0,1,-0.8553310632705688,0.3725198209285736,-0.3600539267063141,0,-0.45565396547317505,-0.8716400265693665,0.1806168109178543,0,-0.24655407667160034,0.31854718923568726,0.9152809977531433,0,-1.022987961769104,-0.6898429989814758,-0.09872400015592575,1,0.9870949387550354,0.015907732769846916,0.15934616327285767,0,0.10958065092563629,0.6585066914558411,-0.7445542216300964,0,-0.11677464842796326,0.7524068355560303,0.6482653021812439,0,0,5.234388828277588,0,1,0.9467359781265259,0.32164594531059265,0.0152904586866498,0,-0.06327902525663376,0.13927748799324036,0.988228976726532,0,0.315730482339859,-0.9365602135658264,0.15221257507801056,0,0,4.769873142242432,0,1,0.9820840358734131,0.0036707548424601555,-0.18840594589710236,0,0.10889576375484467,0.8049151301383972,0.583311915397644,0,0.15379206836223602,-0.5933781862258911,0.7900948524475098,0,0,1.9828089475631714,0,1
K0.067,0.48142799735069275,0.015852065756917,0.8763419985771179,0,0.0243659857660532,0.9992079734802246,-0.031460296362638474,0,-0.8761471509933472,0.03649882972240448,0.48066073656082153,0,-0.19543485343456268,10.353371620178223,0.016329435631632805,1,0.999189019203186,-0.02684103138744831,0.030018705874681473,0,0.022574057802557945,0.9906689524650574,0.1344103068113327,0,-0.03334629908204079,-0.1336236149072647,0.9904711246490479,0,0,1.2427419424057007,-0.1856590062379837,1,0.9999780058860779,-0.004240868147462606,0.005033937748521566,0,0.003974148537963629,0.9986460208892822,0.05186103656888008,0,-0.005247063469141722,-0.05183994770050049,0.9986419677734375,0,0,1.4659559726715088,0,1,0.9999800324440002,-0.004184963181614876,0.004766150843352079,0,0.0039320532232522964,0.998645007610321,0.05189039558172226,0,-0.004976850003004074,-0.051870595663785934,0.9986410737037659,0,0,1.6753770112991333,0,1,0.9903680086135864,-0.01598006673157215,-0.13753673434257507,0,0.04473196342587471,0.9769790172576904,0.20859090983867645,0,0.13103727996349335,-0.2127341330051422,0.968284010887146,0,0,1.8847999572753906,0,1,0.7775041460990906,-0.21722690761089325,-0.5901688933372498,0,0.052265066653490067,0.957521915435791,-0.2835852801799774,0,0.6267022490501404,0.18964359164237976,0.7558309435844421,0,0,0.855912983417511,0.3470599949359894,1,-0.009758025407791138,0.004644257016479969,-0.9999420046806335,0,0.9466960430145264,-0.32194983959198,-0.01073369849473238,0,-0.321980744600296,-0.9467450976371765,-0.0012551400577649474,0,0.652642011642456,1.576030969619751,-0.03514900058507919,1,0.9065050482749939,-0.11730697751045227,0.4055699110031128,0,-0.14741286635398865,0.812221884727478,0.5644151568412781,0,-0.3956228494644165,-0.5714317560195923,0.7189911603927612,0,0,1.451390027999878,0,1,0.396830677986145,0.9163511991500854,-0.05316391587257385,0,-0.9168052673339844,0.3928775489330292,-0.07152698934078217,0,-0.044656913727521896,0.07712502032518387,0.9960209727287292,0,0,3.2703590393066406,0,1,0.29454144835472107,0.08128605037927628,-0.952175498008728,0,-0.3006438612937927,0.9536660313606262,-0.011586452834308147,0,0.9071153998374939,0.2896783649921417,0.3053323030471802,0,0,2.8214590549468994,0,1,0.9189229011535645,0.39217615127563477,-0.042175982147455215,0,-0.38791579008102417,0.9179120659828186,0.08342479914426804,0,0.07143101841211319,-0.06030018627643585,0.9956210255622864,0,-0.3050509989261627,0.43549299240112305,0,1,0.9447870254516602,-0.2282971441745758,0.23507100343704224,0,0.06631685793399811,0.8357348442077637,0.5451143383979797,0,-0.3209049701690674,-0.4994276463985443,0.8047311902046204,0,-0.06800000369548798,0.4198940098285675,0,1,0.676352858543396,-0.7336680889129639,-0.0654059499502182,0,0.5953089594841003,0.492183119058609,0.6351079940795898,0,-0.4337669610977173,-0.46849408745765686,0.7696489691734314,0,-0.004792999941855669,0.4857949912548065,0,1,0.5297990441322327,0.6798698902130127,0.50704026222229,0,-0.6865361332893372,-0.007240453734993935,0.727060079574585,0,0.49797719717025757,-0.7332968711853027,0.4629189670085907,0,0,0.9967560172080994,0,1,0.4127133786678314,0.5730879902839661,0.7079818248748779,0,-0.621606171131134,-0.39093077182769775,0.6788069009780884,0,0.6657877564430237,-0.7202382683753967,0.19489265978336334,0,0.060189999639987946,0.5512700080871582,0,1,0.4078829884529114,0.6849321722984314,0.6037389636039734,0,-0.5985930562019348,-0.2987019121646881,0.7432790398597717,0,0.6894329190254211,-0.6645641922950745,0.2881598472595215,0,-0.026318000629544258,0.4993000030517578,0,1,-0.05800849199295044,-0.0018009368795901537,0.9983141422271729,0,-0.9514999985694885,-0.3025403916835785,-0.055834006518125534,0,0.30213093757629395,-0.953135073184967,0.015836238861083984,0,-0.652642011642456,1.5792399644851685,-0.05662799999117851,1,0.6313449740409851,-0.7375960946083069,0.23948974907398224,0,0.34073176980018616,0.5412487983703613,0.7687332034111023,0,-0.6966384649276733,-0.4037342071533203,0.5930374264717102,0,0,1.451390027999878,0,1,-0.36997881531715393,-0.9246699810028076,0.0900099128484726,0,0.9251440167427063,-0.3755578398704529,-0.05536463484168053,0,0.08499790728092194,0.06278835982084274,0.9944009184837341,0,0,3.2765069007873535,0,1,0.8960597515106201,-0.029691057279706,0.4429394006729126,0,-0.05345716327428818,0.9832839369773865,0.17405438423156738,0,-0.4407030940055847,-0.17964144051074982,0.8794940114021301,0,0,2.8292040824890137,0,1,0.9050220847129822,-0.4213377833366394,-0.058386433869600296,0,0.4253322184085846,0.8980749249458313,0.11204982548952103,0,0.005224565044045448,-0.12624117732048035,0.9919859170913696,0,0.32116401195526123,0.5079699754714966,0,1,0.9789639115333557,0.14726406335830688,0.14121600985527039,0,-0.2002759575843811,0.825765073299408,0.5272589921951294,0,-0.03896497189998627,-0.5444499850273132,0.8378880620002747,0,0.08328499644994736,0.4735170006752014,0,1,0.8834559321403503,0.468298077583313,0.0142400236800313,0,-0.32429787516593933,0.5892947912216187,0.7399742007255554,0,0.33813703060150146,-0.6583527326583862,0.6724842190742493,0,-0.002070999937132001,0.4775800108909607,0,1,0.467941015958786,-0.7303519248962402,-0.4976120889186859,0,0.7086091041564941,-0.02640165202319622,0.7051069140434265,0,-0.5281141400337219,-0.6825610995292664,0.5051797032356262,0,0,1.0201549530029297,0,1,0.3545650243759155,-0.642306923866272,-0.6795039176940918,0,0.6631631255149841,-0.33956584334373474,0.6670159697532654,0,-0.6591649651527405,-0.6871220469474792,0.30555596947669983,0,-0.07540299743413925,0.5894140005111694,0,1,0.26823434233665466,-0.7326986193656921,-0.6254611611366272,0,0.645579993724823,-0.34518423676490784,0.6812297701835632,0,-0.7150360941886902,-0.5865148901939392,0.38042575120925903,0,0.0557279996573925,0.5480239987373352,0,1,-0.8566629886627197,-0.3192538321018219,0.4052220284938812,0,0.47806599736213684,-0.7864759564399719,0.39103493094444275,0,0.19385792315006256,0.5287079215049744,0.8263691067695618,0,1.022987961769104,-0.6898429989814758,-0.1812169998884201,1,0.9998909831047058,-0.004817292094230652,-0.013925970532000065,0,-0.006051328033208847,0.727453887462616,-0.6861300468444824,0,0.013435800559818745,0.6861400604248047,0.7273460030555725,0,0,5.231299877166748,0,1,0.9646810293197632,-0.26067203283309937,0.037946105003356934,0,0.09846198558807373,0.49043211340904236,0.8659000396728516,0,-0.2443259209394455,-0.831581175327301,0.4987768828868866,0,0,4.76700496673584,0,1,0.9827679991722107,-2.538940293561609e-7,0.1848459392786026,0,-0.1065012514591217,0.817333996295929,0.5662348866462708,0,-0.15108105540275574,-0.5761640667915344,0.8032498955726624,0,0,1.9788390398025513,0,1,-0.8595200777053833,0.36330312490463257,-0.3594951331615448,0,-0.44595208764076233,-0.8767261505126953,0.18021778762340546,0,-0.24970494210720062,0.3152182400226593,0.9155789017677307,0,-1.022987961769104,-0.6898429989814758,-0.09872400015592575,1,0.9888879656791687,0.015270357951521873,0.14787721633911133,0,0.10167243331670761,0.6562381386756897,-0.7476717829704285,0,-0.1084599569439888,0.7543991804122925,0.6473938822746277,0,0,5.234388828277588,0,1,0.9475759863853455,0.319178968667984,0.01498592272400856,0,-0.06187207251787186,0.13726906478405,0.9886000156402588,0,0.31348296999931335,-0.9376999735832214,0.14982101321220398,0,0,4.769873142242432,0,1,0.9820359945297241,0.004190735053271055,-0.1886477917432785,0,0.10912073403596878,0.8030140995979309,0.5858839154243469,0,0.15394222736358643,-0.5959450006484985,0.7881320714950562,0,0,1.9828089475631714,0,1
K0.100,0.4947475790977478,0.0064993975684046745,0.869012176990509,0,0.02438339591026306,0.9994750022888184,-0.021357135847210884,0,-0.8686948418617249,0.03175586089491844,0.49432939291000366,0,-0.20898300409317017,10.352625846862793,-0.031734999269247055,1,0.9993000030517578,-0.021573228761553764,0.03057456947863102,0,0.01718377135694027,0.9903969764709473,0.13718323409557343,0,-0.0332404300570488,-0.13656175136566162,0.9900739789009094,0,0,1.2427419424057007,-0.1856590062379837,1,0.9999819993972778,-0.003170205047354102,0.005119008477777243,0,0.0028977948240935802,0.9986230134963989,0.05237289145588875,0,-0.005277991760522127,-0.05235710367560387,0.9986140131950378,0,0,1.4659559726715088,0,1,0.9999840259552002,-0.003108910983428359,0.004819862078875303,0,0.00285208853892982,0.998621940612793,0.05240481719374657,0,-0.004976137541234493,-0.05239018425345421,0.9986140131950378,0,0,1.6753770112991333,0,1,0.9908549785614014,-0.012546929530799389,-0.13435007631778717,0,0.04048207029700279,0.977444052696228,0.20727893710136414,0,0.12871894240379333,-0.21082209050655365,0.9690130352973938,0,0,1.8847999572753906,0,1,0.7837159633636475,-0.21664486825466156,-0.582111120223999,0,0.04893513023853302,0.9558209776878357,-0.2898457944393158,0,0.6191878914833069,0.19867117702960968,0.7596940398216248,0,0,0.855912983417511,0.3470599949359894,1,-0.002697824267670512,0.00515644671395421,-0.999983012676239,0,0.9437909126281738,-0.3305163085460663,-0.004250512458384037,0,-0.330532431602478,-0.9437859058380127,-0.003974974621087313,0,0.652642011642456,1.576030969619751,-0.03514900058507919,1,0.911846935749054,-0.08865202218294144,0.40084412693977356,0,-0.16005903482437134,0.8223649859428406,0.5459819436073303,0,-0.37804287672042847,-0.5620111227035522,0.7356820106506348,0,0,1.451390027999878,0,1,0.4578721523284912,0.8876999020576477,-0.04840113967657089,0,-0.8881391286849976,0.4543207287788391,-0.06929005682468414,0,-0.039519138634204865,0.07471293956041336,0.9964219331741333,0,0,3.2703590393066406,0,1,0.5927241444587708,0.10413917154073715,-0.7986438870429993,0,-0.25916680693626404,0.9635260105133057,-0.06670510768890381,0,0.7625680565834045,0.24651987850666046,0.5980949401855469,0,0,2.8214590549468994,0,1,0.9189229011535645,0.39217615127563477,-0.042175982147455215,0,-0.38791579008102417,0.9179120659828186,0.08342479914426804,0,0.07143101841211319,-0.06030018627643585,0.9956210255622864,0,-0.3050509989261627,0.43549299240112305,0,1,0.9447870254516602,-0.22829711437225342,0.23507113754749298,0,0.06631690263748169,0.8357350826263428,0.5451139807701111,0,-0.3209048807621002,-0.49942705035209656,0.804731011390686,0,-0.06800000369548798,0.4198940098285675,0,1,0.6763527989387512,-0.7336682081222534,-0.06540542095899582,0,0.5953086614608765,0.49218320846557617,0.6351081132888794,0,-0.4337673783302307,-0.4684937596321106,0.7696489095687866,0,-0.004792999941855669,0.4857949912548065,0,1,0.5297990441322327,0.6798698902130127,0.50704026222229,0,-0.6865361332893372,-0.007240453734993935,0.727060079574585,0,0.49797719717025757,-0.7332968711853027,0.4629189670085907,0,0,0.9967560172080994,0,1,0.4127133786678314,0.5730879902839661,0.7079818248748779,0,-0.621606171131134,-0.39093077182769775,0.6788069009780884,0,0.6657877564430237,-0.7202382683753967,0.19489265978336334,0,0.060189999639987946,0.5512700080871582,0,1,0.4078829884529114,0.6849321722984314,0.6037389636039734,0,-0.5985930562019348,-0.2987019121646881,0.7432790398597717,0,0.6894329190254211,-0.6645641922950745,0.2881598472595215,0,-0.026318000629544258,0.4993000030517578,0,1,-0.057395488023757935,-0.0018388942116871476,0.9983499646186829,0,-0.9515119194984436,-0.3026081621646881,-0.05526011064648628,0,0.3022102415561676,-0.9531129598617554,0.01561856921762228,0,-0.652642011642456,1.5792399644851685,-0.05662799999117851,1,0.6467827558517456,-0.7220941185951233,0.24546189606189728,0,0.3698436915874481,0.5784260034561157,0.7270760536193848,0,-0.6669990420341492,-0.3794777989387512,0.6411780714988708,0,0,1.451390027999878,0,1,-0.3709143400192261,-0.9242900013923645,0.0900653824210167,0,0.9247630834579468,-0.3764968812465668,-0.055342018604278564,0,0.08506137877702713,0.06276197731494904,0.9943970441818237,0,0,3.2765069007873535,0,1,0.9124459028244019,-0.03703298047184944,0.40751805901527405,0,-0.04544498398900032,0.9805650115013123,0.1908610612154007,0,-0.4066658616065979,-0.19266992807388306,0.8930290341377258,0,0,2.8292040824890137,0,1,0.9050220251083374,-0.42133793234825134,-0.05838696286082268,0,0.42533206939697266,0.8980740308761597,0.1120496615767479,0,0.005225041881203651,-0.12624134123325348,0.9919859170913696,0,0.32116401195526123,0.5079699754714966,0,1,0.9789639115333557,0.14726406335830688,0.14121600985527039,0,-0.2002759575843811,0.825765073299408,0.5272589921951294,0,-0.03896497189998627,-0.5444499850273132,0.8378880620002747,0,0.08328499644994736,0.4735170006752014,0,1,0.8834559321403503,0.468298077583313,0.0142400236800313,0,-0.32429787516593933,0.5892947912216187,0.7399742007255554,0,0.33813703060150146,-0.6583527326583862,0.6724842190742493,0,-0.002070999937132001,0.4775800108909607,0,1,0.467941015958786,-0.7303519248962402,-0.4976120889186859,0,0.7086091041564941,-0.02640165202319622,0.7051069140434265,0,-0.5281141400337219,-0.6825610995292664,0.5051797032356262,0,0,1.0201549530029297,0,1,0.3545648157596588,-0.6423070430755615,-0.6795030832290649,0,0.663162887096405,-0.3395654261112213,0.6670161485671997,0,-0.65916508436203,-0.6871219277381897,0.3055562674999237,0,-0.07540299743413925,0.5894140005111694,0,1,0.2682346999645233,-0.7326998114585876,-0.6254612803459167,0,0.6455798149108887,-0.3451838195323944,0.6812301278114319,0,-0.7150362133979797,-0.5865146517753601,0.38042595982551575,0,0.0557279996573925,0.5480239987373352,0,1,-0.8488370180130005,-0.32259735465049744,0.41881558299064636,0,0.4909247159957886,-0.7749349474906921,0.39808234572410583,0,0.19613441824913025,0.5435136556625366,0.8161641359329224,0,1.022987961769104,-0.6898429989814758,-0.1812169998884201,1,0.9992200136184692,-0.023872826248407364,-0.03147096559405327,0,-0.0038998243398964405,0.7331990599632263,-0.680001974105835,0,0.03930804133415222,0.679594099521637,0.7325339317321777,0,0,5.231299877166748,0,1,0.9667319655418396,-0.2524511516094208,0.04119284078478813,0,0.09402181953191757,0.5004758238792419,0.8606300354003906,0,-0.23788316547870636,-0.8281258940696716,0.5075621008872986,0,0,4.76700496673584,0,1,0.9827679991722107,-0.0000011339041066094069,0.1848459392786026,0,-0.10650113224983215,0.8173319101333618,0.5662381649017334,0,-0.15108105540275574,-0.5761667490005493,0.8032470941543579,0,0,1.9788390398025513,0,1,-0.8635549545288086,0.3530740737915039,-0.3600159287452698,0,-0.4351959526538849,-0.8824789524078369,0.17842315137386322,0,-0.25471001863479614,0.31075581908226013,0.9157260060310364,0,-1.022987961769104,-0.6898429989814758,-0.09872400015592575,1,0.9909700155258179,0.014212001115083694,0.13332690298557281,0,0.09157499670982361,0.6545868515968323,-0.7504190802574158,0,-0.09793908894062042,0.7558529376983643,0.6473750472068787,0,0,5.234388828277588,0,1,0.9482951760292053,0.31704577803611755,0.014807834289968014,0,-0.0605672188103199,0.13496698439121246,0.9889969229698181,0,0.3115588128566742,-0.9387579560279846,0.1471911370754242,0,0,4.769873142242432,0,1,0.9819790124893188,0.004793672356754541,-0.1889270395040512,0,0.10938467085361481,0.8007957935333252,0.5888633131980896,0,0.1541149616241455,-0.5989177227020264,0.785841166973114,0,0,1.9828089475631714,0,1
