2.900,30,88,41
B0,mixamorig_Hips,-1,0.9982119798660278,-0.05486200004816055,0.02370700053870678,0,0.059415001422166824,0.9538400173187256,-0.29437899589538574,0,-0.006461999844759703,0.29526200890541077,0.955394983291626,0,-0.3560679852962494,11.407090187072754,-3.0459070205688477,1
B1,mixamorig_Spine,0,0.9995030164718628,-0.031143000349402428,0.004941999912261963,0,0.03152799978852272,0.9895390272140503,-0.14077800512313843,0,-0.000506000011228025,0.14086399972438812,0.990028977394104,0,0,1.2427419424057007,-0.1856590062379837,1
B2,mixamorig_Spine1,1,0.9990479946136475,-0.041485998779535294,0.01345799956470728,0,0.04128199815750122,0.9990339875221252,0.015061999671161175,0,-0.014069999568164349,-0.014492000453174114,0.9997959733009338,0,0,1.4659559726715088,0,1
B3,mixamorig_Spine2,2,0.9990479946136475,-0.04147699847817421,0.013527999632060528,0,0.041273001581430435,0.9990350008010864,0.015018000267446041,0,-0.014138000085949898,-0.01444500032812357,0.9997959733009338,0,0,1.6753770112991333,0,1
B4,mixamorig_Neck,3,0.9987689852714539,0.042068999260663986,0.02626500092446804,0,-0.049525000154972076,0.8740590214729309,0.4832879900932312,0,-0.002624999964609742,-0.4839940071105957,0.8750669956207275,0,0,1.8847999572753906,0,1
B5,mixamorig_Head,4,0.99965500831604,0.02450999990105629,0.009460000321269035,0,-0.024831000715494156,0.999064028263092,0.03541100025177002,0,-0.008582999929785728,-0.03563300147652626,0.9993280172348022,0,0,0.855912983417511,0.3470599949359894,1
B6,mixamorig_HeadTop_End,5,1,0,0,0,0,1,0,0,0,0,1,0,0,2.8392999172210693,1.1512919664382935,1
B7,mixamorig_LeftShoulder,3,0.5053759813308716,0.11392199993133545,-0.8553460240364075,0,0.8440359830856323,0.1408659964799881,0.5174559950828552,0,0.17943799495697021,-0.9834520220756531,-0.024963999167084694,0,0.652642011642456,1.576030969619751,-0.03514900058507919,1
B8,mixamorig_LeftArm,7,0.5080810189247131,0.7798429727554321,0.3656480014324188,0,-0.6473230123519897,0.6257809996604919,-0.43516799807548523,0,-0.5681779980659485,-0.01559200044721365,0.8227580189704895,0,0,1.451390027999878,0,1
B9,mixamorig_LeftForeArm,8,0.9250029921531677,0.37977099418640137,-0.011957000009715557,0,-0.37995898723602295,0.9245280027389526,-0.029642999172210693,0,-0.00020300000323913991,0.03196299821138382,0.9994890093803406,0,0,3.2703590393066406,0,1
B10,mixamorig_LeftHand,9,0.829060971736908,-0.22489899396896362,-0.5119360089302063,0,0.12274300307035446,0.9664149880409241,-0.2257789969444275,0,0.545520007610321,0.1243479996919632,0.8288220167160034,0,0,2.8214590549468994,0,1
B11,mixamorig_LeftHandThumb1,10,0.9278950095176697,0.11127699911594391,0.3558489978313446,0,-0.14024099707603455,0.9884999990463257,0.056575000286102295,0,-0.34546101093292236,-0.10239999741315842,0.9328299760818481,0,-0.3050509989261627,0.43549299240112305,0,1
B12,mixamorig_LeftHandThumb2,11,0.9638159871101379,-0.0610090009868145,-0.25949400663375854,0,0.1909569948911667,0.8372359871864319,0.5124160051345825,0,0.18599599599838257,-0.5434269905090332,0.8185920119285583,0,-0.06800000369548798,0.4198940098285675,0,1
B13,mixamorig_LeftHandThumb3,12,0.9975079894065857,0.03810799866914749,-0.059369999915361404,0,-0.02364099957048893,0.9734609723091125,0.2276269942522049,0,0.0664680004119873,-0.22565600275993347,0.9719370007514954,0,-0.004792999941855669,0.4857949912548065,0,1
B14,mixamorig_LeftHandThumb4,13,1,0,0,0,0,1,0,0,0,0,1,0,0.07279200106859207,0.44150298833847046,0,1
B15,mixamorig_LeftHandIndex1,10,0.5938929915428162,0.6816490292549133,0.42737001180648804,0,-0.6945430040359497,0.16626699268817902,0.6999750137329102,0,0.4060800075531006,-0.7125369906425476,0.5721799731254578,0,0,0.9967560172080994,0,1
B16,mixamorig_LeftHandIndex2,15,0.5630670189857483,0.6154829859733582,0.5514860153198242,0,-0.6550869941711426,-0.07440400123596191,0.7518810033798218,0,0.503803014755249,-0.7846300005912781,0.361299991607666,0,0.060189999639987946,0.5512700080871582,0,1
B17,mixamorig_LeftHandIndex3,16,0.8424850106239319,0.5203689932823181,0.1394059956073761,0,-0.4961329996585846,0.6486200094223022,0.5771859884262085,0,0.2099280059337616,-0.555433988571167,0.8046259880065918,0,-0.026318000629544258,0.4993000030517578,0,1
B18,mixamorig_LeftHandIndex4,17,1,0,0,0,0,1,0,0,0,0,1,0,-0.033872999250888824,0.5011600255966187,0,1
B19,mixamorig_RightShoulder,3,0.4569210112094879,-0.046222999691963196,0.8883060216903687,0,-0.875944972038269,-0.1971060037612915,0.44030600786209106,0,0.15473799407482147,-0.9792919754981995,-0.13055099546909332,0,-0.652642011642456,1.5792399644851685,-0.05662799999117851,1
B20,mixamorig_RightArm,19,0.8199620246887207,-0.5485829710960388,-0.16346299648284912,0,0.34388598799705505,0.7003780007362366,-0.6254709959030151,0,0.45760801434516907,0.4566490054130554,0.7629330158233643,0,0,1.451390027999878,0,1
B21,mixamorig_RightForeArm,20,0.9588329792022705,-0.28377699851989746,0.010487000457942486,0,0.2839230000972748,0.9586970210075378,-0.016992000862956047,0,-0.005231999792158604,0.019269999116659164,0.999800980091095,0,0,3.2765069007873535,0,1
B22,mixamorig_RightHand,21,0.8295440077781677,-0.4959869980812073,-0.2566179931163788,0,0.38638201355934143,0.8415459990501404,-0.37750500440597534,0,0.40319299697875977,0.21400399506092072,0.889739990234375,0,0,2.8292040824890137,0,1
B23,mixamorig_RightHandThumb1,22,0.8672720193862915,-0.41589200496673584,-0.2736299932003021,0,0.42232099175453186,0.9056509733200073,-0.037953998893499374,0,0.2635979950428009,-0.08264300227165222,0.9610859751701355,0,0.32116401195526123,0.5079699754714966,0,1
B24,mixamorig_RightHandThumb2,23,0.8696169853210449,0.16178299486637115,0.4664680063724518,0,-0.458622008562088,0.6145790219306946,0.6418399810791016,0,-0.18284299969673157,-0.7720869779586792,0.6086459755897522,0,0.08328499644994736,0.4735170006752014,0,1
B25,mixamorig_RightHandThumb3,24,0.9943709969520569,0.019514000043272972,0.10414399951696396,0,-0.05758500099182129,0.9245929718017578,0.3765780031681061,0,-0.08894199877977371,-0.38045600056648254,0.9205120205879211,0,-0.002070999937132001,0.4775800108909607,0,1
B26,mixamorig_RightHandThumb4,25,1,0,0,0,0,1,0,0,0,0,1,0,-0.08121500164270401,0.3971160054206848,0,1
B27,mixamorig_RightHandIndex1,22,0.4254710078239441,-0.7304530143737793,-0.5342400074005127,0,0.7445939779281616,-0.052962999790906906,0.6654139757156372,0,-0.5143489837646484,-0.6809059977531433,0.5213559865951538,0,0,1.0201549530029297,0,1
B28,mixamorig_RightHandIndex2,27,0.6814759969711304,-0.6279429793357849,-0.3758699893951416,0,0.6419540047645569,0.2662999927997589,0.719012975692749,0,-0.35140401124954224,-0.7312809824943542,0.5845879912376404,0,-0.07540299743413925,0.5894140005111694,0,1
B29,mixamorig_RightHandIndex3,28,0.8376719951629639,-0.5346249938011169,-0.11172299832105637,0,0.5199710130691528,0.7180209755897522,0.4626840054988861,0,-0.16714300215244293,-0.4456700086593628,0.8794549703598022,0,0.0557279996573925,0.5480239987373352,0,1
B30,mixamorig_RightHandIndex4,29,1,0,0,0,0,1,0,0,0,0,1,0,0.019675999879837036,0.41751301288604736,0,1
B31,mixamorig_LeftUpLeg,0,-0.9500899910926819,-0.2599489986896515,0.1724960058927536,0,0.23377999663352966,-0.9593510031700134,-0.15809200704097748,0,0.2065799981355667,-0.10987500101327896,0.9722409844398499,0,1.022987961769104,-0.6898429989814758,-0.1812169998884201,1
B32,mixamorig_LeftLeg,31,0.9997360110282898,-0.00929499976336956,0.021025000140070915,0,0.01932699978351593,0.8350650072097778,-0.5498120188713074,0,-0.012446999549865723,0.5500730276107788,0.8350239992141724,0,0,5.231299877166748,0,1
B33,mixamorig_LeftFoot,32,0.9956200122833252,-0.08453799784183502,0.03992699831724167,0,-0.018533999100327492,0.2401220053434372,0.9705659747123718,0,-0.09163700044155121,-0.9670550227165222,0.23750300705432892,0,0,4.76700496673584,0,1
B34,mixamorig_LeftToeBase,33,0.9827669858932495,-0.000007000000096013537,0.18484899401664734,0,-0.10650400072336197,0.8173080086708069,0.5662720203399658,0,-0.15108299255371094,-0.5762010216712952,0.8032230138778687,0,0,1.9788390398025513,0,1
B35,mixamorig_LeftToe_End,34,1,0,0,0,0,1,0,0,0,0,1,0,0,0.7514830231666565,0,1
B36,mixamorig_RightUpLeg,0,-0.9906949996948242,0.06191600114107132,-0.1212029978632927,0,-0.03969600051641464,-0.983260989189148,-0.17782700061798096,0,-0.13018499314785004,-0.17136099934577942,0.9765689969062805,0,-1.022987961769104,-0.6898429989814758,-0.09872400015592575,1
B37,mixamorig_RightLeg,36,0.9964230060577393,-0.020214999094605446,-0.08204799890518188,0,-0.023670999333262444,0.8653140068054199,-0.5006710290908813,0,0.08111800253391266,0.5008230209350586,0.861739993095398,0,0,5.234388828277588,0,1
B38,mixamorig_RightFoot,37,0.9974079728126526,0.04103099927306175,-0.059112001210451126,0,0.04663499817252159,0.2570120096206665,0.9652820229530334,0,0.054799001663923264,-0.9655370116233826,0.2544330060482025,0,0,4.769873142242432,0,1
B39,mixamorig_RightToeBase,38,0.982429027557373,0,-0.18663400411605835,0,0.10730300098657608,0.8181949853897095,0.5648390054702759,0,0.15270300209522247,-0.5749409794807434,0.8038190007209778,0,0,1.9828089475631714,0,1
B40,mixamorig_RightToe_End,39,1,0,0,0,0,1,0,0,0,0,1,0,0,0.7492420077323914,0,1
@34,0,1,2,3,4,5,7,8,9,10,11,12,13,15,16,17,19,20,21,22,23,24,25,27,28,29,31,32,33,34,36,37,38,39
K0.000,0.9982119798660278,-0.05486220866441727,0.023706797510385513,0,0.05941478908061981,0.9538399577140808,-0.29437923431396484,0,-0.00646220101043582,0.2952617406845093,0.9553951025009155,0,-0.3560679852962494,11.407090187072754,-3.0459070205688477,1,0.999502956867218,-0.031142696738243103,0.004941953346133232,0,0.031528301537036896,0.9895390272140503,-0.1407780796289444,0,-0.0005060462863184512,0.14086391031742096,0.990028977394104,0,0,1.2427419424057007,-0.1856590062379837,1,0.9990479946136475,-0.0414857380092144,0.013458067551255226,0,0.04128225892782211,0.9990339875221252,0.015061954967677593,0,-0.014069930650293827,-0.014492043294012547,0.9997959733009338,0,0,1.4659559726715088,0,1,0.9990479946136475,-0.04147694632411003,0.013528079725801945,0,0.041273050010204315,0.9990350008010864,0.01501782052218914,0,-0.014137920923531055,-0.014445181004703045,0.9997959733009338,0,0,1.6753770112991333,0,1,0.9987689852714539,0.042068932205438614,0.026264598593115807,0,-0.04952505975961685,0.8740590214729309,0.4832879602909088,0,-0.0026254018303006887,-0.4839940071105957,0.8750669956207275,0,0,1.8847999572753906,0,1,0.9996550679206848,0.024510197341442108,0.009459888562560081,0,-0.024830803275108337,0.999064028263092,0.03541066125035286,0,-0.008583111688494682,-0.03563334047794342,0.9993280172348022,0,0,0.855912983417511,0.3470599949359894,1,0.5053764581680298,0.1139221265912056,-0.8553456664085388,0,0.8440361022949219,0.14086554944515228,0.5174559354782104,0,0.1794382929801941,-0.9834519624710083,-0.024964243173599243,0,0.652642011642456,1.576030969619751,-0.03514900058507919,1,0.5080811381340027,0.7798429727554321,0.3656478822231293,0,-0.6473231911659241,0.6257809996604919,-0.4351678490638733,0,-0.5681780576705933,-0.015591775067150593,0.8227579593658447,0,0,1.451390027999878,0,1,0.9250029921531677,0.3797709047794342,-0.011956978589296341,0,-0.3799590468406677,0.9245279431343079,-0.029642974957823753,0,-0.0002029791212407872,0.03196302056312561,0.9994890093803406,0,0,3.2703590393066406,0,1,0.8290610909461975,-0.224899023771286,-0.5119359493255615,0,0.12274298071861267,0.9664149880409241,-0.2257789671421051,0,0.5455201268196106,0.12434803694486618,0.8288219571113586,0,0,2.8214590549468994,0,1,0.9278951287269592,0.1112767681479454,0.35584884881973267,0,-0.14024123549461365,0.9884999394416809,0.05657481402158737,0,-0.3454611301422119,-0.10240017622709274,0.9328298568725586,0,-0.3050509989261627,0.43549299240112305,0,1,0.9638159871101379,-0.06100878864526749,-0.25949403643608093,0,0.1909572035074234,0.8372360467910767,0.512415885925293,0,0.18599596619606018,-0.5434271097183228,0.8185919523239136,0,-0.06800000369548798,0.4198940098285675,0,1,0.9975079894065857,0.03810776770114899,-0.05936959385871887,0,-0.023641228675842285,0.9734609723091125,0.22762680053710938,0,0.06646839529275894,-0.225656196475029,0.9719370007514954,0,-0.004792999941855669,0.4857949912548065,0,1,0.5938929319381714,0.6816492080688477,0.4273698627948761,0,-0.6945430636405945,0.1662673056125641,0.6999750733375549,0,0.40607985854148865,-0.7125372290611267,0.5721797943115234,0,0,0.9967560172080994,0,1,0.5630666613578796,0.6154835224151611,0.5514858961105347,0,-0.6550867557525635,-0.07440397888422012,0.7518813014030457,0,0.5038028955459595,-0.7846299409866333,0.36130037903785706,0,0.060189999639987946,0.5512700080871582,0,1,0.8424851298332214,0.520368754863739,0.13940593600273132,0,-0.4961331784725189,0.6486202478408813,0.5771855115890503,0,0.20992793142795563,-0.5554344654083252,0.8046256899833679,0,-0.026318000629544258,0.4993000030517578,0,1,0.45692065358161926,-0.04622303694486618,0.888306200504303,0,-0.875944972038269,-0.1971060186624527,0.4403059482574463,0,0.15473820269107819,-0.9792919754981995,-0.13055060803890228,0,-0.652642011642456,1.5792399644851685,-0.05662799999117851,1,0.8199622631072998,-0.5485826134681702,-0.16346310079097748,0,0.3438864052295685,0.7003780603408813,-0.6254708170890808,0,0.4576079547405243,0.4566493034362793,0.7629329562187195,0,0,1.451390027999878,0,1,0.9588329195976257,-0.2837771773338318,0.010487045161426067,0,0.28392282128334045,0.9586970806121826,-0.016992000862956047,0,-0.005231956485658884,0.019270000979304314,0.999800980091095,0,0,3.2765069007873535,0,1,0.829544186592102,-0.4959867596626282,-0.256617933511734,0,0.3863823115825653,0.8415459394454956,-0.37750476598739624,0,0.40319308638572693,0.21400421857833862,0.8897398710250854,0,0,2.8292040824890137,0,1,0.867272138595581,-0.4158918261528015,-0.27362993359565735,0,0.4223212003707886,0.9056508541107178,-0.03795415163040161,0,0.26359808444976807,-0.08264315873384476,0.9610859155654907,0,0.32116401195526123,0.5079699754714966,0,1,0.8696171045303345,0.1617826223373413,0.4664680063724518,0,-0.45862236618995667,0.6145791411399841,0.6418396234512329,0,-0.18284299969673157,-0.7720872759819031,0.6086456179618835,0,0.08328499644994736,0.4735170006752014,0,1,0.9943709969520569,0.019514013081789017,0.10414386540651321,0,-0.057584986090660095,0.9245928525924683,0.37657830119132996,0,-0.08894213289022446,-0.38045570254325867,0.9205121397972107,0,-0.002070999937132001,0.4775800108909607,0,1,0.4254712164402008,-0.7304530143737793,-0.5342397689819336,0,0.7445938587188721,-0.052963487803936005,0.6654139161109924,0,-0.5143486857414246,-0.6809058785438538,0.5213562846183777,0,0,1.0201549530029297,0,1,0.6814762353897095,-0.6279426217079163,-0.3758702576160431,0,0.6419543623924255,0.26630014181137085,0.7190125584602356,0,-0.35140424966812134,-0.7312813401222229,0.5845875144004822,0,-0.07540299743413925,0.5894140005111694,0,1,0.8376717567443848,-0.5346252918243408,-0.11172304302453995,0,0.5199706554412842,0.7180211544036865,0.46268412470817566,0,-0.1671430468559265,-0.44566985964775085,0.879455029964447,0,0.0557279996573925,0.5480239987373352,0,1,-0.9500899314880371,-0.2599489390850067,0.1724959909915924,0,0.23378005623817444,-0.9593509435653687,-0.1580917239189148,0,0.2065800130367279,-0.10987526178359985,0.9722409248352051,0,1.022987961769104,-0.6898429989814758,-0.1812169998884201,1,0.999735951423645,-0.009295044466853142,0.0210251584649086,0,0.01932695135474205,0.8350650072097778,-0.5498119592666626,0,-0.012446843087673187,0.5500730276107788,0.8350239396095276,0,0,5.231299877166748,0,1,0.9956200122833252,-0.08453775197267532,0.039927151054143906,0,-0.018533751368522644,0.24012185633182526,0.9705660939216614,0,-0.09163685142993927,-0.9670550227165222,0.237503319978714,0,0,4.76700496673584,0,1,0.9827669262886047,-0.000007292231202882249,0.1848490834236145,0,-0.10650429874658585,0.8173080086708069,0.5662720203399658,0,-0.15108288824558258,-0.5762010216712952,0.8032230734825134,0,0,1.9788390398025513,0,1,-0.9906948804855347,0.06191612780094147,-0.12120325863361359,0,-0.039695873856544495,-0.9832610487937927,-0.17782704532146454,0,-0.13018473982810974,-0.17136099934577942,0.9765690565109253,0,-1.022987961769104,-0.6898429989814758,-0.09872400015592575,1,0.9964230060577393,-0.020215170457959175,-0.08204777538776398,0,-0.023671172559261322,0.8653138875961304,-0.5006713271141052,0,0.08111824095249176,0.5008226037025452,0.8617401719093323,0,0,5.234388828277588,0,1,0.9974079728126526,0.04103107377886772,-0.059111930429935455,0,0.04663506895303726,0.2570123076438904,0.9652819633483887,0,0.054799068719148636,-0.9655370116233826,0.2544327676296234,0,0,4.769873142242432,0,1,0.982429027557373,2.7203930130781373e-7,-0.1866338551044464,0,0.10730326920747757,0.8181949853897095,0.5648389458656311,0,0.15270312130451202,-0.5749409198760986,0.8038190007209778,0,0,1.9828089475631714,0,1
K0.033,0.9985190033912659,-0.051840994507074356,0.016498561948537827,0,0.05439697206020355,0.9559281468391418,-0.2885188162326813,0,-0.0008143342565745115,0.2889888882637024,0.9573320150375366,0,-0.317156583070755,11.42734432220459,-3.0644853115081787,1,0.999550998210907,-0.029720216989517212,0.0037024461198598146,0,0.02994377724826336,0.9891679286956787,-0.14370131492614746,0,0.0006084939232096076,0.1437477171421051,0.9896140694618225,0,0,1.2427419424057007,-0.1856590062379837,1,0.999212920665741,-0.03803924098610878,0.01121532078832388,0,0.03793971613049507,0.999239981174469,0.008958729915320873,0,-0.011547583155333996,-0.008526175282895565,0.9998970031738281,0,0,1.4659559726715088,0,1,0.9992129802703857,-0.03803122416138649,0.011261586099863052,0,0.03793174400925636,0.9992409944534302,0.008921049535274506,0,-0.011592315509915352,-0.0084868548437953,0.9998970031738281,0,0,1.6753770112991333,0,1,0.9993900060653687,0.028281593695282936,0.020472481846809387,0,-0.03460828587412834,0.8798640370368958,0.47396397590637207,0,-0.004608544055372477,-0.47438347339630127,0.8803062438964844,0,0,1.8847999572753906,0,1,0.9994580149650574,0.019464891403913498,0.02653639391064644,0,-0.01763693429529667,0.9975658655166626,-0.06745969504117966,0,-0.027784906327724457,0.06695514172315598,0.9973689317703247,0,0,0.855912983417511,0.3470599949359894,1,0.4801243543624878,0.10259042680263519,-0.8711804747581482,0,0.8620651364326477,0.1285073608160019,0.490233838558197,0,0.16224656999111176,-0.9863882064819336,-0.02674015611410141,0,0.652642011642456,1.576030969619751,-0.03514900058507919,1,0.5129545331001282,0.7739929556846619,0.37122976779937744,0,-0.6200923919677734,0.6331501007080078,-0.46325621008872986,0,-0.593601405620575,0.0074326093308627605,0.8047246932983398,0,0,1.451390027999878,0,1,0.8786059021949768,0.4772939383983612,-0.015576899982988834,0,-0.4775301218032837,0.8778248429298401,-0.037255238741636276,0,-0.004107908345758915,0.040171097964048386,0.9991840124130249,0,0,3.2703590393066406,0,1,0.7839526534080505,-0.3876669406890869,-0.48490476608276367,0,0.19591856002807617,0.8956445455551147,-0.3992967903614044,0,0.589095950126648,0.2180277407169342,0.7780933380126953,0,0,2.8214590549468994,0,1,0.9278959631919861,0.11128035187721252,0.3558448851108551,0,-0.14024363458156586,0.9884999990463257,0.0565720796585083,0,-0.3454571068286896,-0.10239792615175247,0.9328309297561646,0,-0.3050509989261627,0.43549299240112305,0,1,0.9638170003890991,-0.06100868061184883,-0.2594902813434601,0,0.1909543126821518,0.8372390270233154,0.512412965297699,0,0.1859937310218811,-0.543423056602478,0.8185949921607971,0,-0.06800000369548798,0.4198940098285675,0,1,0.9975079894065857,0.03810925781726837,-0.059369977563619614,0,-0.02364274486899376,0.9734620451927185,0.22762499749660492,0,0.06646902114152908,-0.2256540209054947,0.9719370007514954,0,-0.004792999941855669,0.4857949912548065,0,1,0.5939000844955444,0.6816489100456238,0.4273621737957001,0,-0.6945420503616333,0.16628307104110718,0.6999728679656982,0,0.4060721695423126,-0.7125341296195984,0.5721887350082397,0,0,0.9967560172080994,0,1,0.5630768537521362,0.6154840588569641,0.5514751076698303,0,-0.6550869941711426,-0.07438228279352188,0.7518841028213501,0,0.5037921071052551,-0.7846319079399109,0.36131227016448975,0,0.060189999639987946,0.5512700080871582,0,1,0.8424888253211975,0.5203642845153809,0.13940207660198212,0,-0.49612876772880554,0.6486279964447021,0.5771802663803101,0,0.20992407202720642,-0.5554297566413879,0.8046301603317261,0,-0.026318000629544258,0.4993000030517578,0,1,0.42923620343208313,-0.042313672602176666,0.9022002816200256,0,-0.8839350342750549,-0.2248522788286209,0.4100004732608795,0,0.18551331758499146,-0.9734739661216736,-0.13391728699207306,0,-0.652642011642456,1.5792399644851685,-0.05662799999117851,1,0.8263103365898132,-0.4514507055282593,-0.3367539644241333,0,0.24185314774513245,0.8243983387947083,-0.5117369294166565,0,0.5086434483528137,0.34140855073928833,0.7903937697410583,0,0,1.451390027999878,0,1,0.8428353667259216,-0.5378885269165039,0.01742938533425331,0,0.5381645560264587,0.8422243595123291,-0.03220713883638382,0,0.0026443982496857643,0.036525189876556396,0.9993289113044739,0,0,3.2765069007873535,0,1,0.9311675429344177,-0.3567379415035248,-0.07526171952486038,0,0.31767427921295166,0.8951663970947266,-0.31266656517982483,0,0.17891177535057068,0.26723623275756836,0.9468762874603271,0,0,2.8292040824890137,0,1,0.8672729134559631,-0.4158920347690582,-0.27362704277038574,0,0.4223209321498871,0.9056510329246521,-0.03795506805181503,0,0.26359593868255615,-0.08264106512069702,0.9610869288444519,0,0.32116401195526123,0.5079699754714966,0,1,0.8696210384368896,0.16178180277347565,0.4664608836174011,0,-0.45861518383026123,0.6145849823951721,0.6418389081954956,0,-0.18284209072589874,-0.7720829844474792,0.608651876449585,0,0.08328499644994736,0.4735170006752014,0,1,0.9943709969520569,0.019512109458446503,0.10414127260446548,0,-0.05758189037442207,0.9245951175689697,0.3765746057033539,0,-0.08894072473049164,-0.38045138120651245,0.9205138087272644,0,-0.002070999937132001,0.4775800108909607,0,1,0.4254807233810425,-0.7304552793502808,-0.5342288017272949,0,0.7445937991142273,-0.052943821996450424,0.6654141545295715,0,-0.514339804649353,-0.6809049248695374,0.5213662981987,0,0,1.0201549530029297,0,1,0.6814858913421631,-0.6279379725456238,-0.37586113810539246,0,0.641948938369751,0.2663179636001587,0.719010055065155,0,-0.3513951599597931,-0.7312788367271423,0.5845960378646851,0,-0.07540299743413925,0.5894140005111694,0,1,0.8376748561859131,-0.5346202254295349,-0.11171992123126984,0,0.5199657678604126,0.7180270552635193,0.46267926692962646,0,-0.1671399027109146,-0.44566571712493896,0.8794581294059753,0,0.0557279996573925,0.5480239987373352,0,1,-0.9540390968322754,-0.24855461716651917,0.167419895529747,0,0.22404520213603973,-0.9625939726829529,-0.15236711502075195,0,0.19902898371219635,-0.10785459727048874,0.9740400314331055,0,1.022987961769104,-0.6898429989814758,-0.1812169998884201,1,0.9997069835662842,-0.008532259613275528,0.022644901648163795,0,0.01943172514438629,0.840751051902771,-0.5410720705986023,0,-0.014422166161239147,0.5413538813591003,0.8406710624694824,0,0,5.231299877166748,0,1,0.9959800243377686,-0.07951082289218903,0.041255757212638855,0,-0.020398886874318123,0.24713928997516632,0.9687649607658386,0,-0.08722320944070816,-0.9657120108604431,0.24452383816242218,0,0,4.76700496673584,0,1,0.9827669858932495,-0.000009134319043369032,0.18484990298748016,0,-0.1065051481127739,0.8173008561134338,0.5662822127342224,0,-0.1510831117630005,-0.5762108564376831,0.8032151460647583,0,0,1.9788390398025513,0,1,-0.9903539419174194,0.06696251034736633,-0.12130817025899887,0,-0.04503254219889641,-0.983494222164154,-0.17524856328964233,0,-0.13104085624217987,-0.1680951565504074,0.9770219922065735,0,-1.022987961769104,-0.6898429989814758,-0.09872400015592575,1,0.9953039288520813,-0.02491937391459942,-0.09353908896446228,0,-0.02424134500324726,0.871345043182373,-0.4900718331336975,0,0.09371709823608398,0.4900378882884979,0.8666489124298096,0,0,5.234388828277588,0,1,0.9972630739212036,0.04623427614569664,-0.05769149214029312,0,0.0433272123336792,0.26680228114128113,0.9627770185470581,0,0.05990555137395859,-0.9626420140266418,0.26406899094581604,0,0,4.769873142242432,0,1,0.9824299812316895,1.5519884755121893e-7,-0.18663398921489716,0,0.10730315744876862,0.8181949853897095,0.5648380517959595,0,0.15270301699638367,-0.5749400854110718,0.8038190007209778,0,0,1.9828089475631714,0,1
K0.067,0.99863600730896,-0.05105877295136452,0.01088548731058836,0,0.05208224803209305,0.9600028991699219,-0.27510425448417664,0,0.0035963875707238913,0.27529603242874146,0.9613530039787292,0,-0.2762194275856018,11.4464750289917,-3.095069646835327,1,0.9995579719543457,-0.029707763344049454,0.0013551636366173625,0,0.029587240889668465,0.9888430237770081,-0.145994171500206,0,0.0029971166513860226,0.14596974849700928,0.9892849922180176,0,0,1.2427419424057007,-0.1856590062379837,1,0.9993199110031128,-0.03627915307879448,0.006530914921313524,0,0.03625288978219032,0.9993339776992798,0.004096320830285549,0,-0.006675179582089186,-0.0038567727897316217,0.999970018863678,0,0,1.4659559726715088,0,1,0.9993199706077576,-0.03627359867095947,0.006555906962603331,0,0.036247435957193375,0.9993349313735962,0.004070248454809189,0,-0.0066991886124014854,-0.0038298452273011208,0.999970018863678,0,0,1.6753770112991333,0,1,0.9995569586753845,0.022128207609057426,0.019904157146811485,0,-0.02870391681790352,0.8935170769691467,0.44811078906059265,0,-0.007868818938732147,-0.4484837055206299,0.8937566876411438,0,0,1.8847999572753906,0,1,0.9990490078926086,0.014614035375416279,0.04107926785945892,0,-0.005773128010332584,0.9781982898712158,-0.2075934261083603,0,-0.04321743920445442,0.20715881884098053,0.9773522615432739,0,0,0.855912983417511,0.3470599949359894,1,0.44640642404556274,0.08616676181554794,-0.8906718492507935,0,0.8853456377983093,0.10200938582420349,0.45360562205314636,0,0.12994258105754852,-0.9910449385643005,-0.03074970655143261,0,0.652642011642456,1.576030969619751,-0.03514900058507919,1,0.44701167941093445,0.7704281806945801,0.4545572102069855,0,-0.6378698348999023,0.6307899951934814,-0.4418433606624603,0,-0.6271387338638306,-0.09243917465209961,0.7734034061431885,0,0,1.451390027999878,0,1,0.7458047270774841,0.66566002368927,-0.025937961414456367,0,-0.6659895777702332,0.7441493272781372,-0.05195847526192665,0,-0.015284951776266098,0.05602525174617767,0.9983119964599609,0,0,3.2703590393066406,0,1,0.72519451379776,-0.4803650677204132,-0.4932980537414551,0,0.2518395185470581,0.8518434166908264,-0.4592825174331665,0,0.6408354640007019,0.20883704721927643,0.7387264966964722,0,0,2.8214590549468994,0,1,0.9278958439826965,0.11128085851669312,0.3558443486690521,0,-0.14024412631988525,0.9884999394416809,0.05657201632857323,0,-0.345456600189209,-0.10239798575639725,0.9328311085700989,0,-0.3050509989261627,0.43549299240112305,0,1,0.9638170003890991,-0.06100859493017197,-0.259488970041275,0,0.19095340371131897,0.8372400403022766,0.5124121308326721,0,0.1859930157661438,-0.5434218645095825,0.8185960650444031,0,-0.06800000369548798,0.4198940098285675,0,1,0.9975079894065857,0.038109373301267624,-0.0593709722161293,0,-0.023642629384994507,0.9734620451927185,0.2276250123977661,0,0.06647001951932907,-0.2256540209054947,0.9719370007514954,0,-0.004792999941855669,0.4857949912548065,0,1,0.5938999652862549,0.6816490888595581,0.42736098170280457,0,-0.6945419311523438,0.166284441947937,0.6999721527099609,0,0.4060719609260559,-0.7125337719917297,0.5721902847290039,0,0,0.9967560172080994,0,1,0.5630776882171631,0.6154838800430298,0.5514733195304871,0,-0.6550869345664978,-0.07437901943922043,0.7518839836120605,0,0.5037903189659119,-0.7846317291259766,0.36131417751312256,0,0.060189999639987946,0.5512700080871582,0,1,0.842490017414093,0.5203630328178406,0.1394016593694687,0,-0.4961279034614563,0.6486299633979797,0.5771791338920593,0,0.209922656416893,-0.5554288625717163,0.8046311140060425,0,-0.026318000629544258,0.4993000030517578,0,1,0.36174991726875305,-0.0339791476726532,0.9316556453704834,0,-0.9071547389030457,-0.24324987828731537,0.34336477518081665,0,0.21495787799358368,-0.969368040561676,-0.11881998926401138,0,-0.652642011642456,1.5792399644851685,-0.05662799999117851,1,0.7691827416419983,-0.39255085587501526,-0.5042433142662048,0,0.2714385986328125,0.9150583148002625,-0.2983104884624481,0,0.578514575958252,0.09258425235748291,0.8104011416435242,0,0,1.451390027999878,0,1,0.6454493403434753,-0.7632429599761963,0.029241148382425308,0,0.7636340856552124,0.6440292000770569,-0.04570009559392929,0,0.0160481296479702,0.05182665213942528,0.9985270500183105,0,0,3.2765069007873535,0,1,0.9682069420814514,-0.23567786812782288,0.0838523730635643,0,0.2497250735759735,0.9301835894584656,-0.26906639337539673,0,-0.014585108496248722,0.2814520299434662,0.9594650864601135,0,0,2.8292040824890137,0,1,0.8672730922698975,-0.4158908724784851,-0.27362698316574097,0,0.4223201274871826,0.9056519269943237,-0.03795492649078369,0,0.26359596848487854,-0.08264092355966568,0.9610869288444519,0,0.32116401195526123,0.5079699754714966,0,1,0.8696220517158508,0.16178128123283386,0.46645981073379517,0,-0.45861369371414185,0.6145862340927124,0.6418389081954956,0,-0.18284223973751068,-0.7720820903778076,0.6086527705192566,0,0.08328499644994736,0.4735170006752014,0,1,0.9943709969520569,0.01951214298605919,0.10414126515388489,0,-0.05758185312151909,0.9245949387550354,0.3765740394592285,0,-0.08894073218107224,-0.380450963973999,0.9205139875411987,0,-0.002070999937132001,0.4775800108909607,0,1,0.4254820942878723,-0.7304548025131226,-0.5342282056808472,0,0.7445940971374512,-0.05294221639633179,0.6654148101806641,0,-0.5143392086029053,-0.6809059381484985,0.5213668942451477,0,0,1.0201549530029297,0,1,0.6814860701560974,-0.6279378533363342,-0.3758600354194641,0,0.641948938369751,0.26631948351860046,0.7190101742744446,0,-0.3513950705528259,-0.7312787175178528,0.5845974087715149,0,-0.07540299743413925,0.5894140005111694,0,1,0.8376750349998474,-0.534619927406311,-0.11172029376029968,0,0.5199660658836365,0.7180277705192566,0.46267929673194885,0,-0.16713927686214447,-0.4456656277179718,0.8794581294059753,0,0.0557279996573925,0.5480239987373352,0,1,-0.9572819471359253,-0.2377883940935135,0.16452063620090485,0,0.21675778925418854,-0.9667069911956787,-0.13599134981632233,0,0.19138047099113464,-0.09452095627784729,0.97695392370224,0,1.022987961769104,-0.6898429989814758,-0.1812169998884201,1,0.9996449947357178,-0.0068661062978208065,0.025744261220097542,0,0.019587907940149307,0.8443730473518372,-0.535396933555603,0,-0.018061671406030655,0.5357111692428589,0.8442078828811646,0,0,5.231299877166748,0,1,0.9962970614433289,-0.07462091743946075,0.042715951800346375,0,-0.0224368367344141,0.25395891070365906,0.9669550061225891,0,-0.08300308883190155,-0.9643320441246033,0.25134405493736267,0,0,4.76700496673584,0,1,0.9827670454978943,-0.000009018604941957165,0.1848498284816742,0,-0.10650501400232315,0.8173018097877502,0.5662811994552612,0,-0.15108317136764526,-0.5762097835540771,0.8032160997390747,0,0,1.9788390398025513,0,1,-0.9899640083312988,0.06900487095117569,-0.12333090603351593,0,-0.048434067517519,-0.9854989051818848,-0.16262143850326538,0,-0.1327640563249588,-0.15501585602760315,0.978950023651123,0,-1.022987961769104,-0.6898429989814758,-0.09872400015592575,1,0.9942049980163574,-0.02863883599638939,-0.10361508280038834,0,-0.02480686642229557,0.8767258524894714,-0.48035016655921936,0,0.10459871590137482,0.48013702034950256,0.8709350228309631,0,0,5.234388828277588,0,1,0.997078001499176,0.050505295395851135,-0.05730589106678963,0,0.041079357266426086,0.2779521346092224,0.9597159624099731,0,0.06439906358718872,-0.959266185760498,0.2750653624534607,0,0,4.769873142242432,0,1,0.982429027557373,1.8203623142198921e-7,-0.18663389980793,0,0.107303187251091,0.8181949853897095,0.5648380517959595,0,0.15270310640335083,-0.5749400854110718,0.8038190007209778,0,0,1.9828089475631714,0,1
K0.100,0.9987059831619263,-0.050826944410800934,0.0018440291751176119,0,0.04956905543804169,0.9645909667015076,-0.2590509057044983,0,0.011388028971850872,0.2588070333003998,0.9658619165420532,0,-0.2393459975719452,11.453551292419434,-3.1338329315185547,1,0.9995189905166626,-0.03098210319876671,-0.0013494067825376987,0,0.030445899814367294,0.9886329770088196,-0.14723092317581177,0,0.005895593203604221,0.14711907505989075,0.989100992679596,0,0,1.2427419424057007,-0.1856590062379837,1,0.9993480443954468,-0.03609582781791687,0.0011453881161287427,0,0.03609417378902435,0.9993469715118408,0.0014121313579380512,0,-0.0011956117814406753,-0.00136986852157861,0.9999979734420776,0,0,1.4659559726715088,0,1,0.9993480443954468,-0.036092307418584824,0.0011581429280340672,0,0.03609069064259529,0.9993480443954468,0.0013983557000756264,0,-0.001207856461405754,-0.001355644315481186,0.9999979734420776,0,0,1.6753770112991333,0,1,0.9993420243263245,0.02612278237938881,0.02517618238925934,0,-0.03416621685028076,0.9110420942306519,0.4108956754207611,0,-0.012202818877995014,-0.41148534417152405,0.9113348126411438,0,0,1.8847999572753906,0,1,0.9984660148620605,0.008569637313485146,0.05470110848546028,0,0.012131640687584877,0.9300830960273743,-0.36714985966682434,0,-0.0540228895843029,0.36725011467933655,0.9285519123077393,0,0,0.855912983417511,0.3470599949359894,1,0.4124959409236908,0.07083971798419952,-0.9082010388374329,0,0.9064739346504211,0.06689480692148209,0.41692933440208435,0,0.09028912335634232,-0.9952420592308044,-0.03662053868174553,0,0.652642011642456,1.576030969619751,-0.03514900058507919,1,0.34787699580192566,0.7436609864234924,0.5709200501441956,0,-0.6643788814544678,0.6252008080482483,-0.4095413386821747,0,-0.6614997982978821,-0.23683732748031616,0.7115659117698669,0,0,1.451390027999878,0,1,0.5378528833389282,0.8419840335845947,-0.04216170683503151,0,-0.8424009084701538,0.5348281860351562,-0.06572211533784866,0,-0.03278770297765732,0.07086588442325592,0.9969469308853149,0,0,3.2703590393066406,0,1,0.6643328666687012,-0.5215322375297546,-0.5354120135307312,0,0.28362181782722473,0.8386522531509399,-0.4649968445301056,0,0.6915350556373596,0.15705811977386475,0.7050618529319763,0,0,2.8214590549468994,0,1,0.9278961420059204,0.11127966642379761,0.35584592819213867,0,-0.14024333655834198,0.9884999990463257,0.056573089212179184,0,-0.345458060503006,-0.10239890962839127,0.9328309893608093,0,-0.3050509989261627,0.43549299240112305,0,1,0.9638168811798096,-0.06100824102759361,-0.2594913840293884,0,0.19095474481582642,0.8372381925582886,0.5124137997627258,0,0.18599459528923035,-0.5434240698814392,0.8185939788818359,0,-0.06800000369548798,0.4198940098285675,0,1,0.9975079298019409,0.038108255714178085,-0.05937008559703827,0,-0.023641740903258324,0.9734619855880737,0.22762493789196014,0,0.06646890938282013,-0.22565406560897827,0.9719370007514954,0,-0.004792999941855669,0.4857949912548065,0,1,0.5938979983329773,0.681648850440979,0.42736420035362244,0,-0.6945419907569885,0.1662786602973938,0.6999731063842773,0,0.406074196100235,-0.7125347852706909,0.5721861124038696,0,0,0.9967560172080994,0,1,0.5630742907524109,0.6154828071594238,0.55147784948349,0,-0.6550872921943665,-0.07438692450523376,0.7518827319145203,0,0.5037938356399536,-0.7846322059631348,0.3613097369670868,0,0.060189999639987946,0.5512700080871582,0,1,0.8424880504608154,0.520365834236145,0.13940322399139404,0,-0.49613019824028015,0.6486259698867798,0.5771819353103638,0,0.20992521941661835,-0.555431067943573,0.8046289086341858,0,-0.026318000629544258,0.4993000030517578,0,1,0.2830416262149811,-0.027222808450460434,0.9587211012840271,0,-0.92792809009552,-0.2605763077735901,0.2665516436100006,0,0.24256360530853271,-0.9650691151618958,-0.09901473671197891,0,-0.652642011642456,1.5792399644851685,-0.05662799999117851,1,0.6740632653236389,-0.3151858150959015,-0.6680538058280945,0,0.34380513429641724,0.9343330264091492,-0.09391777962446213,0,0.6537861227989197,-0.16637377440929413,0.7381618618965149,0,0,1.451390027999878,0,1,0.4023861587047577,-0.9144219160079956,0.04378802329301834,0,0.9148911833763123,0.3999708294868469,-0.054751500487327576,0,0.032552026212215424,0.062092505395412445,0.9975389242172241,0,0,3.2765069007873535,0,1,0.9656140208244324,-0.13618890941143036,0.22145617008209229,0,0.18889006972312927,0.9528030157089233,-0.2376709133386612,0,-0.178635835647583,0.27132904529571533,0.9457640051841736,0,0,2.8292040824890137,0,1,0.8672727942466736,-0.41589123010635376,-0.27362823486328125,0,0.42232075333595276,0.9056521654129028,-0.03795471787452698,0,0.2635968029499054,-0.08264171332120895,0.9610860347747803,0,0.32116401195526123,0.5079699754714966,0,1,0.8696202039718628,0.16178204119205475,0.4664628505706787,0,-0.4586169719696045,0.6145830750465393,0.6418390274047852,0,-0.1828421950340271,-0.7720839977264404,0.6086499691009521,0,0.08328499644994736,0.4735170006752014,0,1,0.9943709969520569,0.01951299048960209,0.1041419729590416,0,-0.05758301168680191,0.924595057964325,0.3765750229358673,0,-0.08894103020429611,-0.38045206665992737,0.9205139875411987,0,-0.002070999937132001,0.4775800108909607,0,1,0.4254780411720276,-0.7304549217224121,-0.5342320799827576,0,0.7445938587188721,-0.0529494471848011,0.665414035320282,0,-0.5143420696258545,-0.6809048056602478,0.5213631987571716,0,0,1.0201549530029297,0,1,0.6814826726913452,-0.6279392242431641,-0.3758641481399536,0,0.641950786113739,0.2663121223449707,0.7190111875534058,0,-0.3513981103897095,-0.7312799096107483,0.5845931172370911,0,-0.07540299743413925,0.5894140005111694,0,1,0.837674081325531,-0.5346218943595886,-0.11172094196081161,0,0.5199671983718872,0.7180249691009521,0.4626809060573578,0,-0.16714094579219818,-0.4456670880317688,0.8794569373130798,0,0.0557279996573925,0.5480239987373352,0,1,-0.9594508409500122,-0.2287144511938095,0.16475525498390198,0,0.212395578622818,-0.9708721041679382,-0.11088788509368896,0,0.1853177696466446,-0.07139812409877777,0.9800810813903809,0,1.022987961769104,-0.6898429989814758,-0.1812169998884201,1,0.9997040033340454,-0.00855711754411459,0.02276952750980854,0,0.01946188136935234,0.8429099321365356,-0.5377029776573181,0,-0.014591473154723644,0.5379869937896729,0.8428270220756531,0,0,5.231299877166748,0,1,0.9966560006141663,-0.06843465566635132,0.0446598194539547,0,-0.025615660473704338,0.25733479857444763,0.9659830331802368,0,-0.0775991752743721,-0.9638959765434265,0.254721075296402,0,0,4.76700496673584,0,1,0.9827670454978943,-0.000005982648872304708,0.18484783172607422,0,-0.10650297999382019,0.8173139691352844,0.5662631392478943,0,-0.15108217298984528,-0.5761919021606445,0.8032289743423462,0,0,1.9788390398025513,0,1,-0.9897089600563049,0.06920232623815536,-0.12525013089179993,0,-0.051098670810461044,-0.988491952419281,-0.14238013327121735,0,-0.13366185128688812,-0.13451483845710754,0.9818559885025024,0,-1.022987961769104,-0.6898429989814758,-0.09872400015592575,1,0.9926050305366516,-0.034655701369047165,-0.11633577942848206,0,-0.025514701381325722,0.8774049282073975,-0.4790710508823395,0,0.11867623776197433,0.4784969985485077,0.8700330853462219,0,0,5.234388828277588,0,1,0.9967910051345825,0.0558990053832531,-0.05730615556240082,0,0.039097003638744354,0.2847401797771454,0.9578068852424622,0,0.06985784322023392,-0.9569740891456604,0.28164106607437134,0,0,4.769873142242432,0,1,0.982429027557373,1.8203623142198921e-7,-0.18663389980793,0,0.107303187251091,0.8181949853897095,0.5648380517959595,0,0.15270310640335083,-0.5749400854110718,0.8038190007209778,0,0,1.9828089475631714,0,1
