3.267,30,99,41
B0,mixamorig_Hips,-1,0.575173020362854,0.03252800181508064,0.8173850178718567,0,0.07031799852848053,0.9935449957847595,-0.08901900053024292,0,-0.8150039911270142,0.10867899656295776,0.5691729784011841,0,-0.0996289998292923,11.169500350952148,0.05250300094485283,1
B1,mixamorig_Spine,0,0.9999060034751892,0.011231999844312668,-0.007822999730706215,0,-0.011655000038444996,0.9983440041542053,-0.05632999911904335,0,0.007178000174462795,0.05641600117087364,0.9983819723129272,0,0,1.2427419424057007,-0.1856590062379837,1
B2,mixamorig_Spine1,1,0.9997950196266174,0.009615999646484852,-0.01781100034713745,0,-0.008059999905526638,0.9963110089302063,0.08543399721384048,0,0.018566999584436417,-0.08527299761772156,0.9961850047111511,0,0,1.4659559726715088,0,1
B3,mixamorig_Spine2,2,0.9998360276222229,0.005824000108987093,-0.01713700033724308,0,-0.003244000021368265,0.9891480207443237,0.14688900113105774,0,0.017805999144911766,-0.14680899679660797,0.9890050292015076,0,0,1.6753770112991333,0,1
B4,mixamorig_Neck,3,0.9952679872512817,0.01541099976748228,-0.09593799710273743,0,0.0032210000790655613,0.9815670251846313,0.19108900427818298,0,0.09711500257253647,-0.19049400091171265,0.976872980594635,0,0,1.8847999572753906,0,1
B5,mixamorig_Head,4,0.790136992931366,-0.10282299667596817,-0.6042439937591553,0,0.10177599638700485,0.9941530227661133,-0.03608600050210953,0,0.6044210195541382,-0.03298399969935417,0.7959820032119751,0,0,0.855912983417511,0.3470599949359894,1
B6,mixamorig_HeadTop_End,5,1,0,0,0,0,1,0,0,0,0,1,0,0,2.8392999172210693,1.1512919664382935,1
B7,mixamorig_LeftShoulder,3,0.3926529884338379,0.12638500332832336,-0.9109609723091125,0,0.8804500102996826,-0.33788999915122986,0.3326230049133301,0,-0.2657659947872162,-0.9326609969139099,-0.24394899606704712,0,0.652642011642456,1.576030969619751,-0.03514900058507919,1
B8,mixamorig_LeftArm,7,0.9647610187530518,-0.014041000045835972,0.2627519965171814,0,-0.19533799588680267,0.6308169960975647,0.7509409785270691,0,-0.17629200220108032,-0.7758039832115173,0.6058459877967834,0,0,1.451390027999878,0,1
B9,mixamorig_LeftForeArm,8,-0.09316200017929077,-0.14460299909114838,0.9850940108299255,0,-0.9942499995231628,0.06597200036048889,-0.08434399962425232,0,-0.05279200151562691,-0.9872879981994629,-0.14991800487041473,0,0,3.2703590393066406,0,1
B10,mixamorig_LeftHand,9,0.9519019722938538,0.1700499951839447,-0.25488200783729553,0,-0.17023800313472748,0.985168993473053,0.02148899994790554,0,0.25475600361824036,0.02293499931693077,0.9667329788208008,0,0,2.8214590549468994,0,1
B11,mixamorig_LeftHandThumb1,10,0.9045869708061218,0.42143601179122925,0.06414800137281418,0,-0.42618298530578613,0.8974260091781616,0.11399099975824356,0,-0.00952799990773201,-0.13045300543308258,0.9914090037345886,0,-0.3050509989261627,0.43549299240112305,0,1
B12,mixamorig_LeftHandThumb2,11,0.9995949864387512,-0.027475999668240547,0.007348999846726656,0,0.025807999074459076,0.9848189949989319,0.17165599763393402,0,-0.01195400021970272,-0.17139700055122375,0.9851300120353699,0,-0.06800000369548798,0.4198940098285675,0,1
B13,mixamorig_LeftHandThumb3,12,0.9448440074920654,0.32541900873184204,0.03704899922013283,0,-0.2688579857349396,0.8352339863777161,-0.47968798875808716,0,-0.18704399466514587,0.4432690143585205,0.8766570091247559,0,-0.004792999941855669,0.4857949912548065,0,1
B14,mixamorig_LeftHandThumb4,13,1,0,0,0,0,1,0,0,0,0,1,0,0.07279200106859207,0.44150298833847046,0,1
B15,mixamorig_LeftHandIndex1,10,0.9116389751434326,0.3848069906234741,-0.14435100555419922,0,-0.33386901021003723,0.8982149958610535,0.28590500354766846,0,0.23967699706554413,-0.21244800090789795,0.9473230242729187,0,0,0.9967560172080994,0,1
B16,mixamorig_LeftHandIndex2,15,0.9830150008201599,0.1772570013999939,0.04755299910902977,0,-0.1826390027999878,0.9194219708442688,0.3482910096645355,0,0.018014999106526375,-0.35106000304222107,0.936178982257843,0,0.060189999639987946,0.5512700080871582,0,1
B17,mixamorig_LeftHandIndex3,16,0.9462779760360718,0.32130900025367737,0.03630099818110466,0,-0.3130820095539093,0.8823599815368652,0.3513129949569702,0,0.08084899932146072,-0.3438049852848053,0.935554027557373,0,-0.026318000629544258,0.4993000030517578,0,1
B18,mixamorig_LeftHandIndex4,17,1,0,0,0,0,1,0,0,0,0,1,0,-0.033872999250888824,0.5011600255966187,0,1
B19,mixamorig_RightShoulder,3,0.30288299918174744,-0.14753100275993347,0.941540002822876,0,-0.9309679865837097,-0.2571359872817993,0.25919100642204285,0,0.20386500656604767,-0.9550470113754272,-0.21522900462150574,0,-0.652642011642456,1.5792399644851685,-0.05662799999117851,1
B20,mixamorig_RightArm,19,0.7495999932289124,-0.5755249857902527,0.326911985874176,0,0.2214069962501526,0.683480978012085,0.6955810189247131,0,-0.6237620115280151,-0.44902700185775757,0.6397629976272583,0,0,1.451390027999878,0,1
B21,mixamorig_RightForeArm,20,-0.16948099434375763,-0.9253450036048889,-0.339136004447937,0,0.9502189755439758,-0.06213799864053726,-0.3053230047225952,0,0.2614560127258301,-0.37400001287460327,0.8898119926452637,0,0,3.2765069007873535,0,1
B22,mixamorig_RightHand,21,0.6915950179100037,-0.4100880026817322,0.5945799946784973,0,0.4028339982032776,0.9022679924964905,0.1537410020828247,0,-0.5995180010795593,0.13319100439548492,0.789201021194458,0,0,2.8292040824890137,0,1
B23,mixamorig_RightHandThumb1,22,0.8983250260353088,-0.3800959885120392,0.22031700611114502,0,0.3819499909877777,0.9234870076179504,0.0358549989759922,0,-0.2170889973640442,0.05194000154733658,0.9747689962387085,0,0.32116401195526123,0.5079699754714966,0,1
B24,mixamorig_RightHandThumb2,23,0.9937379956245422,0.11085499823093414,-0.013980000279843807,0,-0.10337399691343307,0.9596530199050903,0.26149800419807434,0,0.04240399971604347,-0.25841501355171204,0.9651029706001282,0,0.08328499644994736,0.4735170006752014,0,1
B25,mixamorig_RightHandThumb3,24,0.9455220103263855,0.3229430019855499,-0.04119399935007095,0,-0.3170410096645355,0.9421359896659851,0.10892199724912643,0,0.0739860013127327,-0.08992800116539001,0.9931960105895996,0,-0.002070999937132001,0.4775800108909607,0,1
B26,mixamorig_RightHandThumb4,25,1,0,0,0,0,1,0,0,0,0,1,0,-0.08121500164270401,0.3971160054206848,0,1
B27,mixamorig_RightHandIndex1,22,0.9891430139541626,-0.13846799731254578,0.049226000905036926,0,0.1302330046892166,0.9811270236968994,0.1429309993982315,0,-0.06808900088071823,-0.13496899604797363,0.9885079860687256,0,0,1.0201549530029297,0,1
B28,mixamorig_RightHandIndex2,27,0.9971539974212646,0.07538300007581711,-0.0014819999923929572,0,-0.07453300058841705,0.9884970188140869,0.13160200417041779,0,0.011385999619960785,-0.13111700117588043,0.9913020133972168,0,-0.07540299743413925,0.5894140005111694,0,1
B29,mixamorig_RightHandIndex3,28,0.8808910250663757,-0.4677810072898865,-0.07219500094652176,0,0.4595769941806793,0.8088200092315674,0.3668780028820038,0,-0.11322599649429321,-0.35635900497436523,0.9274629950523376,0,0.0557279996573925,0.5480239987373352,0,1
B30,mixamorig_RightHandIndex4,29,1,0,0,0,0,1,0,0,0,0,1,0,0.019675999879837036,0.41751301288604736,0,1
B31,mixamorig_LeftUpLeg,0,-0.9367210268974304,-0.17313100397586823,0.3042680025100708,0,0.2637439966201782,-0.9205420017242432,0.2881680130958557,0,0.23019999265670776,0.3501819968223572,0.9079539775848389,0,1.022987961769104,-0.6898429989814758,-0.1812169998884201,1
B32,mixamorig_LeftLeg,31,0.9666749835014343,0.09298700094223022,0.2385219931602478,0,0.041012998670339584,0.8634179830551147,-0.5028190016746521,0,-0.25270000100135803,0.4958449900150299,0.830830991268158,0,0,5.231299877166748,0,1
B33,mixamorig_LeftFoot,32,0.9964150190353394,-0.06736800074577332,0.05117899924516678,0,-0.001471000025048852,0.5910459756851196,0.8066369891166687,0,-0.08459100127220154,-0.803820013999939,0.5888280272483826,0,0,4.76700496673584,0,1
B34,mixamorig_LeftToeBase,33,0.9829919934272766,0.002633000025525689,0.18362699449062347,0,-0.10862100124359131,0.8145790100097656,0.5697910189628601,0,-0.14807899296283722,-0.5800459980964661,0.8010110259056091,0,0,1.9788390398025513,0,1
B35,mixamorig_LeftToe_End,34,1,0,0,0,0,1,0,0,0,0,1,0,0,0.7514830231666565,0,1
B36,mixamorig_RightUpLeg,0,-0.8788570165634155,0.24550899863243103,-0.40906599164009094,0,-0.34424200654029846,-0.9199789762496948,0.18744400143623352,0,-0.3303140103816986,0.30555400252342224,0.8930450081825256,0,-1.022987961769104,-0.6898429989814758,-0.09872400015592575,1
B37,mixamorig_RightLeg,36,0.9974290132522583,-0.06453599780797958,-0.03113899938762188,0,0.029360000044107437,0.764477014541626,-0.6439819931983948,0,0.06536500155925751,0.6414120197296143,0.7644069790840149,0,0,5.234388828277588,0,1
B38,mixamorig_RightFoot,37,0.993956983089447,0.10910800099372864,0.01203100010752678,0,-0.04958700016140938,0.34852099418640137,0.9359880089759827,0,0.09792999923229218,-0.9309290051460266,0.351826012134552,0,0,4.769873142242432,0,1
B39,mixamorig_RightToeBase,38,0.978056013584137,0.05209900066256523,-0.20172199606895447,0,0.06430699676275253,0.8454610109329224,0.5301510095596313,0,0.19816799461841583,-0.5314900279045105,0.82355797290802,0,0,1.9828089475631714,0,1
B40,mixamorig_RightToe_End,39,1,0,0,0,0,1,0,0,0,0,1,0,0,0.7492420077323914,0,1
@34,0,1,2,3,4,5,7,8,9,10,11,12,13,15,16,17,19,20,21,22,23,24,25,27,28,29,31,32,33,34,36,37,38,39
K0.000,0.5751730799674988,0.03252808004617691,0.8173849582672119,0,0.0703180804848671,0.9935449957847595,-0.08901947736740112,0,-0.8150041103363037,0.10867851972579956,0.5691728591918945,0,-0.0996289998292923,11.169500350952148,0.05250300094485283,1,0.9999060034751892,0.011231907643377781,-0.007823321036994457,0,-0.011655092239379883,0.9983440041542053,-0.05633002892136574,0,0.007177678868174553,0.056415971368551254,0.998382031917572,0,0,1.2427419424057007,-0.1856590062379837,1,0.9997950196266174,0.009615746326744556,-0.017811089754104614,0,-0.008060253225266933,0.9963110089302063,0.08543399721384048,0,0.018566910177469254,-0.08527299016714096,0.9961850047111511,0,0,1.4659559726715088,0,1,0.9998360276222229,0.005823933053761721,-0.017136745154857635,0,-0.0032440675422549248,0.9891480803489685,0.1468888223171234,0,0.01780625618994236,-0.1468091905117035,0.9890050292015076,0,0,1.6753770112991333,0,1,0.9952679872512817,0.015411032363772392,-0.09593825042247772,0,0.0032210322096943855,0.9815669655799866,0.19108906388282776,0,0.09711474180221558,-0.19049392640590668,0.976872980594635,0,0,1.8847999572753906,0,1,0.7901371121406555,-0.10282307118177414,-0.604243814945221,0,0.10177591443061829,0.9941529631614685,-0.0360863171517849,0,0.6044211387634277,-0.03298432007431984,0.7959818243980408,0,0,0.855912983417511,0.3470599949359894,1,0.3926527798175812,0.12638521194458008,-0.9109610319137573,0,0.8804498910903931,-0.3378901481628418,0.3326232433319092,0,-0.26576605439186096,-0.9326608777046204,-0.24394938349723816,0,0.652642011642456,1.576030969619751,-0.03514900058507919,1,0.9647610783576965,-0.014040560461580753,0.26275187730789185,0,-0.19533757865428925,0.6308172941207886,0.7509408593177795,0,-0.17629215121269226,-0.7758042216300964,0.6058456301689148,0,0,1.451390027999878,0,1,-0.09316231310367584,-0.1446031779050827,0.9850939512252808,0,-0.9942499995231628,0.0659719780087471,-0.08434410393238068,0,-0.05279221013188362,-0.9872879981994629,-0.14991791546344757,0,0,3.2703590393066406,0,1,0.9519020318984985,0.1700495332479477,-0.25488197803497314,0,-0.1702384501695633,0.9851689338684082,0.02148914709687233,0,0.25475597381591797,0.02293514646589756,0.9667329788208008,0,0,2.8214590549468994,0,1,0.9045870900154114,0.4214358925819397,0.06414783746004105,0,-0.42618313431739807,0.8974259495735168,0.11399071663618088,0,-0.00952815916389227,-0.13045327365398407,0.9914089441299438,0,-0.3050509989261627,0.43549299240112305,0,1,0.9995949864387512,-0.027476085349917412,0.007349060382694006,0,0.02580791339278221,0.9848189949989319,0.17165601253509521,0,-0.01195393968373537,-0.17139697074890137,0.9851300120353699,0,-0.06800000369548798,0.4198940098285675,0,1,0.944844126701355,0.32541894912719727,0.03704899922013283,0,-0.2688581049442291,0.8352339863777161,-0.47968789935112,0,-0.18704400956630707,0.44326916337013245,0.8766570091247559,0,-0.004792999941855669,0.4857949912548065,0,1,0.9116390943527222,0.38480669260025024,-0.1443512886762619,0,-0.3338693380355835,0.8982149362564087,0.285905122756958,0,0.23967674374580383,-0.2124478816986084,0.947323203086853,0,0,0.9967560172080994,0,1,0.9830149412155151,0.1772572547197342,0.047553420066833496,0,-0.18263879418373108,0.9194220900535583,0.34829097986221313,0,0.0180154200643301,-0.35106006264686584,0.936178982257843,0,0.060189999639987946,0.5512700080871582,0,1,0.9462780952453613,0.3213086426258087,0.03630118817090988,0,-0.3130823075771332,0.8823598623275757,0.35131290555000305,0,0.08084918558597565,-0.3438050448894501,0.9355539679527283,0,-0.026318000629544258,0.4993000030517578,0,1,0.30288296937942505,-0.14753121137619019,0.9415400624275208,0,-0.9309679269790649,-0.25713634490966797,0.25919103622436523,0,0.20386512577533722,-0.955047070980072,-0.215228870511055,0,-0.652642011642456,1.5792399644851685,-0.05662799999117851,1,0.7496001720428467,-0.5755248665809631,0.3269117772579193,0,0.22140701115131378,0.683480978012085,0.6955808997154236,0,-0.6237621903419495,-0.44902703166007996,0.6397627592086792,0,0,1.451390027999878,0,1,-0.1694815307855606,-0.9253450036048889,-0.3391358256340027,0,0.9502189755439758,-0.06213746592402458,-0.30532306432724,0,0.2614562213420868,-0.37400004267692566,0.8898119330406189,0,0,3.2765069007873535,0,1,0.6915948987007141,-0.4100879430770874,0.5945801734924316,0,0.40283408761024475,0.9022679924964905,0.153740793466568,0,-0.5995177626609802,0.13319078087806702,0.7892011404037476,0,0,2.8292040824890137,0,1,0.8983247876167297,-0.3800964653491974,0.2203173190355301,0,0.3819494843482971,0.9234871864318848,0.03585533797740936,0,-0.21708868443965912,0.05194034054875374,0.9747690558433533,0,0.32116401195526123,0.5079699754714966,0,1,0.9937379956245422,0.11085501313209534,-0.013979853130877018,0,-0.10337397456169128,0.9596530199050903,0.2614978551864624,0,0.04240414872765541,-0.258415162563324,0.9651029706001282,0,0.08328499644994736,0.4735170006752014,0,1,0.9455220103263855,0.32294297218322754,-0.04119403660297394,0,-0.3170410394668579,0.9421359896659851,0.10892205685377121,0,0.07398596405982971,-0.08992795646190643,0.9931960105895996,0,-0.002070999937132001,0.4775800108909607,0,1,0.9891429543495178,-0.1384681761264801,0.0492262989282608,0,0.13023284077644348,0.9811270236968994,0.14293134212493896,0,-0.06808869540691376,-0.13496865332126617,0.9885080456733704,0,0,1.0201549530029297,0,1,0.9971540570259094,0.07538304477930069,-0.0014822459779679775,0,-0.07453297078609467,0.9884970784187317,0.13160203397274017,0,0.011385753750801086,-0.13111697137355804,0.9913020133972168,0,-0.07540299743413925,0.5894140005111694,0,1,0.8808910846710205,-0.4677810072898865,-0.07219493389129639,0,0.4595770239830017,0.8088198900222778,0.3668782413005829,0,-0.11322592943906784,-0.35635873675346375,0.9274631142616272,0,0.0557279996573925,0.5480239987373352,0,1,-0.9367210268974304,-0.17313100397586823,0.3042675852775574,0,0.26374396681785583,-0.9205418825149536,0.2881680130958557,0,0.23020039498806,0.3501819670200348,0.9079538583755493,0,1.022987961769104,-0.6898429989814758,-0.1812169998884201,1,0.9666749835014343,0.09298726171255112,0.2385219931602478,0,0.041013263165950775,0.8634179830551147,-0.5028188824653625,0,-0.25269994139671326,0.4958450496196747,0.830830991268158,0,0,5.231299877166748,0,1,0.9964150786399841,-0.06736786663532257,0.051179297268390656,0,-0.0014708660310134292,0.591046154499054,0.8066368699073792,0,-0.08459070324897766,-0.8038201332092285,0.5888279676437378,0,0,4.76700496673584,0,1,0.9829919338226318,0.0026328114327043295,0.1836272031068802,0,-0.10862118750810623,0.8145790100097656,0.5697909593582153,0,-0.1480787992477417,-0.5800459980964661,0.8010110259056091,0,0,1.9788390398025513,0,1,-0.8788570165634155,0.24550868570804596,-0.4090663492679596,0,-0.34424227476119995,-0.9199790358543396,0.18744365870952606,0,-0.33031365275382996,0.3055543303489685,0.8930450677871704,0,-1.022987961769104,-0.6898429989814758,-0.09872400015592575,1,0.9974289536476135,-0.06453656405210495,-0.031138736754655838,0,0.02935943379998207,0.7644771337509155,-0.6439817547798157,0,0.0653652548789978,0.6414121985435486,0.7644068002700806,0,0,5.234388828277588,0,1,0.993956983089447,0.10910774022340775,0.012031401507556438,0,-0.04958726465702057,0.3485211730003357,0.9359879493713379,0,0.097930409014225,-0.9309291839599609,0.3518257141113281,0,0,4.769873142242432,0,1,0.9780560731887817,0.052098751068115234,-0.20172181725502014,0,0.06430675089359283,0.845460832118988,0.5301511883735657,0,0.19816815853118896,-0.5314897894859314,0.8235580325126648,0,0,1.9828089475631714,0,1
K0.033,0.5753517746925354,0.042841166257858276,0.8167831897735596,0,0.01736614853143692,0.9977620244026184,-0.06456662714481354,0,-0.8177217841148376,0.051332924515008926,0.5733203887939453,0,0.06071395054459572,11.1502046585083,0.06274528056383133,1,0.9998270273208618,0.016930140554904938,-0.007730170618742704,0,-0.016943084076046944,0.9998549818992615,-0.0016129552386701107,0,0.007701743394136429,0.0017436493653804064,0.9999690651893616,0,0,1.2427419424057007,-0.1856590062379837,1,0.9998109340667725,0.015957007184624672,-0.011142070405185223,0,-0.014838362112641335,0.9954490065574646,0.09413232654333115,0,0.012593425810337067,-0.09394914656877518,0.9954969882965088,0,0,1.4659559726715088,0,1,0.9998589754104614,0.011773576959967613,-0.011937936767935753,0,-0.009995794855058193,0.9901910424232483,0.1393628865480423,0,0.013461636379361153,-0.13922390341758728,0.9901689887046814,0,0,1.6753770112991333,0,1,0.9944019317626953,0.0214393213391304,-0.10346228629350662,0,-0.0030919245909899473,0.984683096408844,0.17432750761508942,0,0.1056150272488594,-0.17303170263767242,0.9792370796203613,0,0,1.8847999572753906,0,1,0.7310720682144165,-0.2283477932214737,-0.6429540514945984,0,0.11051049083471298,0.9695200324058533,-0.21867288649082184,0,0.6732910871505737,0.08881256729364395,0.7340247631072998,0,0,0.855912983417511,0.3470599949359894,1,0.39205312728881836,0.12408683449029922,-0.9115350842475891,0,0.8936269283294678,-0.28667083382606506,0.3453265130519867,0,-0.2184600830078125,-0.9499590992927551,-0.22327768802642822,0,0.652642011642456,1.576030969619751,-0.03514900058507919,1,0.951274573802948,-0.022564401850104332,0.30751833319664,0,-0.22253362834453583,0.6401070356369019,0.7353519201278687,0,-0.2134372442960739,-0.7679541707038879,0.6038956642150879,0,0,1.451390027999878,0,1,-0.06108420714735985,-0.11134622991085052,0.9919020533561707,0,-0.9981330633163452,0.006861690431833267,-0.06069771200418472,0,-0.000047627432650187984,-0.9937582015991211,-0.1115574836730957,0,0,3.2703590393066406,0,1,0.9508218169212341,0.22763198614120483,-0.2100505828857422,0,-0.2386883795261383,0.970676600933075,-0.028531543910503387,0,0.19739660620689392,0.07726509124040604,0.9772741198539734,0,0,2.8214590549468994,0,1,0.9040380716323853,0.4226798415184021,0.06369184702634811,0,-0.42732322216033936,0.8973288536071777,0.1104319840669632,0,-0.010475167073309422,-0.12705180048942566,0.9918410181999207,0,-0.3050509989261627,0.43549299240112305,0,1,0.9995930194854736,-0.027529630810022354,0.007455784827470779,0,0.025842366740107536,0.9848179817199707,0.17165574431419373,0,-0.012068214826285839,-0.1713932603597641,0.9851288795471191,0,-0.06800000369548798,0.4198940098285675,0,1,0.9471160173416138,0.3187399208545685,0.03709406778216362,0,-0.26411673426628113,0.8399712443351746,-0.4740157723426819,0,-0.18224579095840454,0.43915095925331116,0.8797351121902466,0,-0.004792999941855669,0.4857949912548065,0,1,0.9901511073112488,0.08890025317668915,-0.10815858840942383,0,-0.058684736490249634,0.9649260640144348,0.2558780908584595,0,0.12711259722709656,-0.24701057374477386,0.9606391191482544,0,0,0.9967560172080994,0,1,0.9874590039253235,0.15241818130016327,0.04115404561161995,0,-0.15749654173851013,0.9329561591148376,0.3237078785896301,0,0.010944047011435032,-0.32612982392311096,0.9452610611915588,0,0.060189999639987946,0.5512700080871582,0,1,0.9545730948448181,0.29646679759025574,0.02997705154120922,0,-0.2897379994392395,0.8999711275100708,0.3257346451282501,0,0.06959103047847748,-0.31962305307388306,0.9449859261512756,0,-0.026318000629544258,0.4993000030517578,0,1,0.2516424059867859,-0.11325105279684067,0.9611712098121643,0,-0.9461642503738403,-0.23770050704479218,0.21970610320568085,0,0.20358897745609283,-0.9647131562232971,-0.16696956753730774,0,-0.652642011642456,1.5792399644851685,-0.05662799999117851,1,0.7430239915847778,-0.6133038997650146,0.2679049074649811,0,0.3318568766117096,0.6852453351020813,0.6483121514320374,0,-0.5811936259269714,-0.39280587434768677,0.7126837968826294,0,0,1.451390027999878,0,1,-0.159670889377594,-0.8916841149330139,-0.42356306314468384,0,0.9600412249565125,-0.04036537557840347,-0.27693039178848267,0,0.2298370748758316,-0.4508555829524994,0.8624984622001648,0,0,3.2765069007873535,0,1,0.6522963047027588,-0.42973843216896057,0.624367356300354,0,0.3845907151699066,0.8974786400794983,0.2159208506345749,0,-0.6531457901000977,0.09928150475025177,0.7506953477859497,0,0,2.8292040824890137,0,1,0.8983249664306641,-0.38009607791900635,0.2203173041343689,0,0.38194891810417175,0.9234870672225952,0.03585527837276459,0,-0.2170886993408203,0.05194028094410896,0.9747690558433533,0,0.32116401195526123,0.5079699754714966,0,1,0.9937379956245422,0.11085407435894012,-0.01397997047752142,0,-0.10337293148040771,0.9596520662307739,0.26149770617485046,0,0.04240402951836586,-0.2584152817726135,0.9651029109954834,0,0.08328499644994736,0.4735170006752014,0,1,0.9455209970474243,0.3229428231716156,-0.04119401425123215,0,-0.31704118847846985,0.9421359300613403,0.1089220643043518,0,0.0739859864115715,-0.08992794156074524,0.9931960105895996,0,-0.002070999937132001,0.4775800108909607,0,1,0.9891430139541626,-0.1384676843881607,0.04922633245587349,0,0.1302323192358017,0.9811269640922546,0.14293129742145538,0,-0.06808865815401077,-0.13496866822242737,0.9885080456733704,0,0,1.0201549530029297,0,1,0.9971540570259094,0.07538304477930069,-0.0014822493540123105,0,-0.07453297078609467,0.9884970784187317,0.13160209357738495,0,0.011385749094188213,-0.13111689686775208,0.9913010001182556,0,-0.07540299743413925,0.5894140005111694,0,1,0.8808910846710205,-0.4677810072898865,-0.07219493389129639,0,0.4595770239830017,0.8088198900222778,0.3668782413005829,0,-0.11322592943906784,-0.35635873675346375,0.9274631142616272,0,0.0557279996573925,0.5480239987373352,0,1,-0.9563843011856079,-0.14253771305084229,0.25497254729270935,0,0.2308143675327301,-0.9037274718284607,0.360556423664093,0,0.1790330410003662,0.40368226170539856,0.8972116112709045,0,1.022987961769104,-0.6898429989814758,-0.1812169998884201,1,0.955744743347168,0.09740670025348663,0.2776048481464386,0,0.04266037791967392,0.8877397179603577,-0.4583645462989807,0,-0.2910885214805603,0.44992202520370483,0.8442968130111694,0,0,5.231299877166748,0,1,0.9962409138679504,-0.04753120616078377,0.07241447269916534,0,-0.025615349411964417,0.6369481086730957,0.7704808712005615,0,-0.08274616301059723,-0.7694396376609802,0.6333363652229309,0,0,4.76700496673584,0,1,0.9829469323158264,0.0022103090304881334,0.18387310206890106,0,-0.10849673300981522,0.8143010139465332,0.5702121257781982,0,-0.1484677940607071,-0.5804382562637329,0.800654947757721,0,0,1.9788390398025513,0,1,-0.884115993976593,0.20153850317001343,-0.4215690791606903,0,-0.34235918521881104,-0.8934053182601929,0.2908887267112732,0,-0.3180069923400879,0.401507705450058,0.858873188495636,0,-1.022987961769104,-0.6898429989814758,-0.09872400015592575,1,0.9964730143547058,-0.08094340562820435,0.02214118093252182,0,0.07418684661388397,0.726396381855011,-0.6832606792449951,0,0.039222151041030884,0.6824930310249329,0.7298389077186584,0,0,5.234388828277588,0,1,0.9960569143295288,0.08286136388778687,0.03168940171599388,0,-0.05968158692121506,0.36158695816993713,0.9304266571998596,0,0.06563790142536163,-0.9286485910415649,0.3651062846183777,0,0,4.769873142242432,0,1,0.9749888777732849,0.06301803141832352,-0.21313345432281494,0,0.07373223453760147,0.8129419684410095,0.5776574015617371,0,0.20966798067092896,-0.5789244174957275,0.7879629731178284,0,0,1.9828089475631714,0,1
K0.067,0.5808297395706177,0.05610458552837372,0.812089204788208,0,-0.07053639739751816,0.997338056564331,-0.018453145399689674,0,-0.8109629154205322,-0.046563729643821716,0.5832411646842957,0,0.45285916328430176,11.09697437286377,0.09096472710371017,1,0.9996039867401123,0.028079042211174965,-0.001714780111797154,0,-0.0276857428252697,0.9927471280097961,0.11698970198631287,0,0.004987305495887995,-0.11689598113298416,0.9931321144104004,0,0,1.2427419424057007,-0.1856590062379837,1,0.9993420839309692,0.03294967859983444,0.015142599120736122,0,-0.034504957497119904,0.9924589991569519,0.11761870980262756,0,-0.011152910999953747,-0.11806382238864899,0.9929429888725281,0,0,1.4659559726715088,0,1,0.9995299577713013,0.02886512316763401,0.010349995456635952,0,-0.029958512634038925,0.9912239909172058,0.12875637412071228,0,-0.006542589515447617,-0.1290058195590973,0.9916220307350159,0,0,1.6753770112991333,0,1,0.9924430847167969,0.032600853592157364,-0.11829996109008789,0,-0.016408901661634445,0.9906619787216187,0.13534684479236603,0,0.12160775065422058,-0.13238291442394257,0.9837110042572021,0,0,1.8847999572753906,0,1,0.6202964186668396,-0.5179513096809387,-0.5890319347381592,0,0.11053337901830673,0.8011925220489502,-0.5881094336509705,0,0.7765401601791382,0.2996945381164551,0.5542278289794922,0,0,0.855912983417511,0.3470599949359894,1,0.4008670449256897,0.08149231970310211,-0.9125040173530579,0,0.8937810659408569,-0.25347900390625,0.3700047433376312,0,-0.2011481374502182,-0.9639018177986145,-0.17444773018360138,0,0.652642011642456,1.576030969619751,-0.03514900058507919,1,0.9009304642677307,-0.042599692940711975,0.43186691403388977,0,-0.2617425322532654,0.7404371500015259,0.6190661787986755,0,-0.34614256024360657,-0.670773983001709,0.6559326648712158,0,0,1.451390027999878,0,1,0.004583959002047777,0.0004993095644749701,0.9999889135360718,0,-0.9831082820892334,-0.1829695999622345,0.00459789764136076,0,0.1829698532819748,-0.9831181764602661,-0.00034780174610204995,0,0,3.2703590393066406,0,1,0.930071234703064,0.3335302174091339,-0.1540302187204361,0,-0.36062660813331604,0.9088749289512634,-0.20951205492019653,0,0.0701155960559845,0.2504085302352905,0.9655982851982117,0,0,2.8214590549468994,0,1,0.9025050401687622,0.4261319041252136,0.06241618096828461,0,-0.4304770827293396,0.8969939351081848,0.1004551351070404,0,-0.013179806061089039,-0.11753005534410477,0.9929819703102112,0,-0.3050509989261627,0.43549299240112305,0,1,0.9995920062065125,-0.027548864483833313,0.007491907104849815,0,0.025855137035250664,0.9848180413246155,0.1716558188199997,0,-0.012107093818485737,-0.17139217257499695,0.9851289987564087,0,-0.06800000369548798,0.4198940098285675,0,1,0.953245997428894,0.29992613196372986,0.03696531057357788,0,-0.2505831718444824,0.8528749942779541,-0.4580530524253845,0,-0.16890883445739746,0.4273742437362671,0.8881558775901794,0,-0.004792999941855669,0.4857949912548065,0,1,0.9965370297431946,-0.016270257532596588,-0.0815483033657074,0,0.034886788576841354,0.9719960689544678,0.23239420354366302,0,0.07548345625400543,-0.23443418741226196,0.9691969156265259,0,0,0.9967560172080994,0,1,0.9897459745407104,0.13783490657806396,0.03746281936764717,0,-0.14264437556266785,0.9402599334716797,0.30913516879081726,0,0.007384821306914091,-0.31130915880203247,0.950279951095581,0,0.060189999639987946,0.5512700080871582,0,1,0.9590479731559753,0.282010018825531,0.026402350515127182,0,-0.27600526809692383,0.909533679485321,0.31075558066368103,0,0.0636223703622818,-0.3053168058395386,0.9501230716705322,0,-0.026318000629544258,0.4993000030517578,0,1,0.16246633231639862,-0.0395774208009243,0.9859197735786438,0,-0.9648889303207397,-0.21536579728126526,0.15035535395145416,0,0.20638279616832733,-0.9757310152053833,-0.07317750155925751,0,-0.652642011642456,1.5792399644851685,-0.05662799999117851,1,0.693014919757843,-0.7170119285583496,0.07499391585588455,0,0.5927329063415527,0.6259088516235352,0.5068596005439758,0,-0.4103637933731079,-0.3068099617958069,0.8587608337402344,0,0,1.451390027999878,0,1,-0.11480654776096344,-0.8009790778160095,-0.5875813961029053,0,0.9779148101806641,0.012863758020102978,-0.20860876142978668,0,0.17464959621429443,-0.5985537171363831,0.7818118333816528,0,0,3.2765069007873535,0,1,0.5825925469398499,-0.48997822403907776,0.6484649777412415,0,0.33859264850616455,0.871636152267456,0.35440793633461,0,-0.7388780117034912,0.01309006568044424,0.6737120747566223,0,0,2.8292040824890137,0,1,0.8983247876167297,-0.38009652495384216,0.22031721472740173,0,0.38194942474365234,0.9234871864318848,0.03585583716630936,0,-0.21708878874778748,0.051939841359853745,0.9747690558433533,0,0.32116401195526123,0.5079699754714966,0,1,0.9937379956245422,0.11085507273674011,-0.013979840092360973,0,-0.1033739373087883,0.9596520662307739,0.26149773597717285,0,0.042404159903526306,-0.2584152817726135,0.9651029109954834,0,0.08328499644994736,0.4735170006752014,0,1,0.9455218315124512,0.3229423761367798,-0.04119405522942543,0,-0.3170405626296997,0.9421361684799194,0.10892203450202942,0,0.07398594170808792,-0.08992796391248703,0.9931960105895996,0,-0.002070999937132001,0.4775800108909607,0,1,0.9891430735588074,-0.13846763968467712,0.04922587424516678,0,0.13023237884044647,0.9811270236968994,0.142930805683136,0,-0.06808812916278839,-0.13496822118759155,0.9885079860687256,0,0,1.0201549530029297,0,1,0.9971539974212646,0.07538306713104248,-0.0014827310806140304,0,-0.07453293353319168,0.9884971380233765,0.13160261511802673,0,0.0113862669095397,-0.13111735880374908,0.9913009405136108,0,-0.07540299743413925,0.5894140005111694,0,1,0.8808910846710205,-0.4677810072898865,-0.07219493389129639,0,0.4595770239830017,0.8088198900222778,0.3668782413005829,0,-0.11322592943906784,-0.35635873675346375,0.9274631142616272,0,0.0557279996573925,0.5480239987373352,0,1,-0.9837128520011902,-0.11422473192214966,0.1387842297554016,0,0.16927115619182587,-0.8484253287315369,0.5015199184417725,0,0.060462068766355515,0.5168436765670776,0.8539417386054993,0,1.022987961769104,-0.6898429989814758,-0.1812169998884201,1,0.9306512475013733,0.13565976917743683,0.33982938528060913,0,0.049629077315330505,0.8733518719673157,-0.4845551550388336,0,-0.3625253736972809,0.4678174555301666,0.806053638458252,0,0,5.231299877166748,0,1,0.9927140474319458,-0.05321282148361206,0.10811176151037216,0,-0.045974671840667725,0.6620739698410034,0.7480270862579346,0,-0.11138260364532471,-0.7475473284721375,0.6548036336898804,0,0,4.76700496673584,0,1,0.9838100671768188,0.0046025668270885944,0.1791527420282364,0,-0.10928339511156082,0.8077009916305542,0.5793748497962952,0,-0.1420353502035141,-0.5895737409591675,0.7951279878616333,0,0,1.9788390398025513,0,1,-0.883327066898346,0.14429043233394623,-0.4459964334964752,0,-0.3627709448337555,-0.8129818439483643,0.45547428727149963,0,-0.29686659574508667,0.5641275644302368,0.770473837852478,0,-1.022987961769104,-0.6898429989814758,-0.09872400015592575,1,0.9838152527809143,-0.09918397665023804,0.1492324322462082,0,0.17633286118507385,0.6839302778244019,-0.7079160809516907,0,-0.03185064718127251,0.7227734327316284,0.6903505921363831,0,0,5.234388828277588,0,1,0.9901561141014099,0.11508668214082718,0.07965853810310364,0,-0.1255263090133667,0.47839972376823425,0.869124710559845,0,0.06191607564687729,-0.870568573474884,0.4881369173526764,0,0,4.769873142242432,0,1,0.9684029221534729,0.08227591961622238,-0.23542724549770355,0,0.11200475692749023,0.6999651193618774,0.7053389549255371,0,0.22282344102859497,-0.7094217538833618,0.6686334609985352,0,0,1.9828089475631714,0,1
K0.100,0.6263361573219299,0.06983474642038345,0.7764189839363098,0,-0.13868924975395203,0.990073025226593,0.02282865159213543,0,-0.7671171426773071,-0.12197936326265335,0.6298038363456726,0,0.8009160161018372,11.017178535461426,0.1259389966726303,1,0.9997210502624512,0.016218367964029312,0.017177186906337738,0,-0.01927364245057106,0.980402946472168,0.19605830311775208,0,-0.013660818338394165,-0.19633467495441437,0.9804420471191406,0,0,1.2427419424057007,-0.1856590062379837,1,0.9953299760818481,0.05840872973203659,0.07685384154319763,0,-0.06962428241968155,0.985854983329773,0.15245302021503448,0,-0.06686217337846756,-0.15709200501441956,0.9853180050849915,0,0,1.4659559726715088,0,1,0.9958329796791077,0.060353949666023254,0.06836269795894623,0,-0.07004905492067337,0.9862489700317383,0.14968901872634888,0,-0.05838831514120102,-0.15385398268699646,0.9863669276237488,0,0,1.6753770112991333,0,1,0.9928759932518005,0.03705205023288727,-0.11324591189622879,0,-0.025355948135256767,0.9943550229072571,0.10302869230508804,0,0.11642409861087799,-0.09942328184843063,0.9882109761238098,0,0,1.8847999572753906,0,1,0.6106559634208679,-0.657459020614624,-0.44141414761543274,0,0.053396981209516525,0.5903319716453552,-0.8053930401802063,0,0.7900939583778381,0.46824800968170166,0.39559611678123474,0,0,0.855912983417511,0.3470599949359894,1,0.4409337639808655,0.020891984924674034,-0.8972961902618408,0,0.8710333704948425,-0.25112539529800415,0.4221811294555664,0,-0.21651363372802734,-0.967728853225708,-0.1289273053407669,0,0.652642011642456,1.576030969619751,-0.03514900058507919,1,0.6408925652503967,-0.1544620543718338,0.7519295811653137,0,-0.29589608311653137,0.8541387915611267,0.427659273147583,0,-0.7083094120025635,-0.4965767562389374,0.501706600189209,0,0,1.451390027999878,0,1,0.017786022275686264,0.19831904768943787,0.9799760580062866,0,-0.9041151404380798,-0.4153130352497101,0.10045668482780457,0,0.42691925168037415,-0.8877978920936584,0.17191638052463531,0,0,3.2703590393066406,0,1,0.9747939705848694,0.09162607043981552,-0.20342203974723816,0,-0.1891217976808548,0.8230599761009216,-0.5355419516563416,0,0.1183590218424797,0.5605149865150452,0.819642961025238,0,0,2.8214590549468994,0,1,0.8999810218811035,0.4317359924316406,0.06031634658575058,0,-0.43556490540504456,0.8962349891662598,0.08394471555948257,0,-0.01781565137207508,-0.10182027518749237,0.994642972946167,0,-0.3050509989261627,0.43549299240112305,0,1,0.9995920062065125,-0.027548907324671745,0.007492407225072384,0,0.02585509419441223,0.9848180413246155,0.1716558337211609,0,-0.012107593938708305,-0.17139215767383575,0.9851289987564087,0,-0.06800000369548798,0.4198940098285675,0,1,0.9625731110572815,0.26862484216690063,0.0359756201505661,0,-0.22751016914844513,0.8730167746543884,-0.43137139081954956,0,-0.1472843587398529,0.4070415794849396,0.9014571309089661,0,-0.004792999941855669,0.4857949912548065,0,1,0.9969799518585205,-0.00951608456671238,-0.07707694917917252,0,0.02591991052031517,0.9763290882110596,0.2147308588027954,0,0.07320904731750488,-0.21608012914657593,0.973626971244812,0,0,0.9967560172080994,0,1,0.9913290143013,0.12678517401218414,0.03452302888035774,0,-0.13130082190036774,0.9454940557479858,0.2979949712753296,0,0.005140028428286314,-0.29994407296180725,0.9539429545402527,0,0.060189999639987946,0.5512700080871582,0,1,0.9622229337692261,0.27123796939849854,0.023609895259141922,0,-0.26565900444984436,0.916360080242157,0.29951590299606323,0,0.05960489436984062,-0.2944730818271637,0.9537989497184753,0,-0.026318000629544258,0.4993000030517578,0,1,0.19805552065372467,-0.0035683689638972282,0.9801841378211975,0,-0.952846109867096,-0.23525506258010864,0.19167518615722656,0,0.22990931570529938,-0.9719271659851074,-0.04999370872974396,0,-0.652642011642456,1.5792399644851685,-0.05662799999117851,1,0.4991928040981293,-0.8535441756248474,-0.14922764897346497,0,0.8593969345092773,0.46571627259254456,0.21105560660362244,0,-0.11064758896827698,-0.2336033433675766,0.9660159349441528,0,0,1.451390027999878,0,1,0.014462449587881565,-0.7233692407608032,-0.6903097629547119,0,0.9780719876289368,0.15368695557117462,-0.14055588841438293,0,0.20776541531085968,-0.6731399297714233,0.7097299695014954,0,0,3.2765069007873535,0,1,0.6072978973388672,-0.5682184100151062,0.5552637577056885,0,0.38552364706993103,0.8218743205070496,0.41939786076545715,0,-0.6946662664413452,-0.040632110089063644,0.7181837558746338,0,0,2.8292040824890137,0,1,0.8983238339424133,-0.38009628653526306,0.22031721472740173,0,0.38194966316223145,0.92348712682724,0.035855382680892944,0,-0.21708880364894867,0.05194038525223732,0.9747689962387085,0,0.32116401195526123,0.5079699754714966,0,1,0.9937379956245422,0.11085507273674011,-0.013979840092360973,0,-0.1033739373087883,0.9596520662307739,0.26149773597717285,0,0.042404159903526306,-0.2584152817726135,0.9651029109954834,0,0.08328499644994736,0.4735170006752014,0,1,0.9455218315124512,0.3229423761367798,-0.04119405522942543,0,-0.3170405626296997,0.9421361684799194,0.10892203450202942,0,0.07398594170808792,-0.08992796391248703,0.9931960105895996,0,-0.002070999937132001,0.4775800108909607,0,1,0.9891430139541626,-0.1384677141904831,0.049226827919483185,0,0.13023225963115692,0.9811269640922546,0.14293134212493896,0,-0.06808915734291077,-0.13496865332126617,0.9885079860687256,0,0,1.0201549530029297,0,1,0.9971539974212646,0.07538307458162308,-0.0014827499398961663,0,-0.07453293353319168,0.9884970784187317,0.13160210847854614,0,0.011386249214410782,-0.13111688196659088,0.9913010001182556,0,-0.07540299743413925,0.5894140005111694,0,1,0.8808910846710205,-0.4677809774875641,-0.07219479978084564,0,0.4595770537853241,0.8088201284408569,0.36687761545181274,0,-0.1132257953286171,-0.3563583493232727,0.927463948726654,0,0.0557279996573925,0.5480239987373352,0,1,-0.9932721257209778,-0.09351680427789688,0.06830059736967087,0,0.1154421865940094,-0.7530879974365234,0.647711992263794,0,-0.009135597385466099,0.6512389779090881,0.7588170170783997,0,1.022987961769104,-0.6898429989814758,-0.1812169998884201,1,0.9286630749702454,0.15814507007598877,0.33552277088165283,0,0.05668507516384125,0.8334239721298218,-0.5497189164161682,0,-0.3665682077407837,0.5295230150222778,0.765005886554718,0,0,5.231299877166748,0,1,0.9899560809135437,-0.0938296914100647,0.10574906319379807,0,-0.010249686427414417,0.6984010934829712,0.7156328558921814,0,-0.14100290834903717,-0.7095291018486023,0.6904247999191284,0,0,4.76700496673584,0,1,0.983941912651062,0.008281845599412918,0.1782982051372528,0,-0.10922416299581528,0.8179948925971985,0.5647602081298828,0,-0.14116978645324707,-0.5751658082008362,0.8057641386985779,0,0,1.9788390398025513,0,1,-0.885443925857544,0.12365991622209549,-0.4479919672012329,0,-0.3927021026611328,-0.7145917415618896,0.5789151191711426,0,-0.24854300916194916,0.6885249018669128,0.6812931299209595,0,-1.022987961769104,-0.6898429989814758,-0.09872400015592575,1,0.9655059576034546,-0.09098794311285019,0.24396520853042603,0,0.2462920844554901,0.6231529712677002,-0.7423068881034851,0,-0.08448673039674759,0.7767890095710754,0.6240679621696472,0,0,5.234388828277588,0,1,0.983134925365448,0.12369590252637863,0.13470643758773804,0,-0.18250811100006104,0.6163978576660156,0.7659931182861328,0,0.011717433109879494,-0.7776588797569275,0.6285771131515503,0,0,4.769873142242432,0,1,0.9418440461158752,0.13044676184654236,-0.3097001910209656,0,0.2011837661266327,0.5193130970001221,0.8305660486221313,0,0.2691759169101715,-0.844569981098175,0.46286800503730774,0,0,1.9828089475631714,0,1
