0.967,30,30,41
B0,mixamorig_Hips,-1,0.9927420020103455,0.050648000091314316,-0.10907600075006485,0,-0.05315399914979935,0.9983819723129272,-0.02018599957227707,0,0.10787700116634369,0.025837000459432602,0.9938279986381531,0,-0.0003389999910723418,11.166014671325684,0.09240200370550156,1
B1,mixamorig_Spine,0,0.9999510049819946,-0.009805000387132168,-0.0010560000082477927,0,0.009738000109791756,0.9986230134963989,-0.05155099928379059,0,0.001560000004246831,0.051538001745939255,0.9986699819564819,0,0,1.2427419424057007,-0.1856590062379837,1
B2,mixamorig_Spine1,1,0.9999179840087891,-0.012028000317513943,-0.004463000223040581,0,0.012662000022828579,0.9812160134315491,0.19249799847602844,0,0.0020630001090466976,-0.1925390064716339,0.9812870025634766,0,0,1.4659559726715088,0,1
B3,mixamorig_Spine2,2,0.9999179840087891,-0.012028000317513943,-0.004463000223040581,0,0.012662000022828579,0.9812160134315491,0.19249799847602844,0,0.0020630001090466976,-0.1925390064716339,0.9812870025634766,0,0,1.6753770112991333,0,1
B4,mixamorig_Neck,3,0.9979079961776733,-0.05796699970960617,0.028620999306440353,0,0.05891599878668785,0.9977009892463684,-0.03349699825048447,0,-0.02661300078034401,0.03511299937963486,0.9990289807319641,0,0,1.8847999572753906,0,1
B5,mixamorig_Head,4,0.996703028678894,0.06164899840950966,0.0527460016310215,0,-0.04295700043439865,0.9524869918823242,-0.3015350103378296,0,-0.0688289999961853,0.2982749938964844,0.9519950151443481,0,0,0.855912983417511,0.3470599949359894,1
B6,mixamorig_HeadTop_End,5,1,0,0,0,0,1,0,0,0,0,1,0,0,2.8392999172210693,1.1512919664382935,1
B7,mixamorig_LeftShoulder,3,0.057151999324560165,0.16413700580596924,-0.98478102684021,0,0.8948950171470642,-0.4457170069217682,-0.022352999076247215,0,-0.4426029920578003,-0.8799970149993896,-0.17235900461673737,0,0.652642011642456,1.576030969619751,-0.03514900058507919,1
B8,mixamorig_LeftArm,7,0.9908570051193237,-0.13208100199699402,-0.027515999972820282,0,0.13100400567054749,0.8931270241737366,0.43030399084091187,0,-0.03225899860262871,-0.4299739897251129,0.9022650122642517,0,0,1.451390027999878,0,1
B9,mixamorig_LeftForeArm,8,0.5729079842567444,0.8186699748039246,-0.03944399952888489,0,-0.8189859986305237,0.5699099898338318,-0.0668179988861084,0,-0.032221999019384384,0.07058499753475189,0.9969850182533264,0,0,3.2703590393066406,0,1
B10,mixamorig_LeftHand,9,0.4423060119152069,-0.05455800145864487,-0.8952029943466187,0,-0.28880399465560913,0.9363170266151428,-0.19975699484348297,0,0.8490920066833496,0.34689199924468994,0.3983820080757141,0,0,2.8214590549468994,0,1
B11,mixamorig_LeftHandThumb1,10,0.6591039896011353,0.7396969795227051,-0.1357560008764267,0,-0.7416579723358154,0.6692249774932861,0.04562399908900261,0,0.12459900230169296,0.07061400264501572,0.9896910190582275,0,-0.3050509989261627,0.43549299240112305,0,1
B12,mixamorig_LeftHandThumb2,11,0.9919769763946533,0.12373500317335129,0.025905000045895576,0,-0.12302599847316742,0.9920259714126587,-0.027380000799894333,0,-0.029086999595165253,0.023972999304533005,0.9992889761924744,0,-0.06800000369548798,0.4198940098285675,0,1
B13,mixamorig_LeftHandThumb3,12,0.9850000143051147,0.17243599891662598,0.0064409999176859856,0,-0.172433003783226,0.9850209951400757,-0.0010629999451339245,0,-0.006527999881654978,-0.00006399999983841553,0.9999790191650391,0,-0.004792999941855669,0.4857949912548065,0,1
B14,mixamorig_LeftHandThumb4,13,1,0,0,0,0,1,0,0,0,0,1,0,0.07279200106859207,0.44150298833847046,0,1
B15,mixamorig_LeftHandIndex1,10,0.9239339828491211,0.3503029942512512,-0.15373000502586365,0,-0.3471289873123169,0.9365919828414917,0.047919001430273056,0,0.1607690006494522,0.009091000072658062,0.9869499802589417,0,0,0.9967560172080994,0,1
B16,mixamorig_LeftHandIndex2,15,0.9995779991149902,-0.028046999126672745,0.007511000148952007,0,0.026846999302506447,0.9913039803504944,0.12882299721240997,0,-0.01105900015681982,-0.12856699526309967,0.9916390180587769,0,0.060189999639987946,0.5512700080871582,0,1
B17,mixamorig_LeftHandIndex3,16,0.999888002872467,-0.014909000135958195,-0.0014489999739453197,0,0.014909000135958195,0.9998890161514282,-0.000097999996796716,0,0.0014509999891743064,0.00007599999662488699,0.9999989867210388,0,-0.026318000629544258,0.4993000030517578,0,1
B18,mixamorig_LeftHandIndex4,17,1,0,0,0,0,1,0,0,0,0,1,0,-0.033872999250888824,0.5011600255966187,0,1
B19,mixamorig_RightShoulder,3,-0.04378199949860573,0.07683400064706802,0.9960820078849792,0,-0.9841780066490173,-0.17465999722480774,-0.0297860000282526,0,0.17168700695037842,-0.9816259741783142,0.08326499909162521,0,-0.652642011642456,1.5792399644851685,-0.05662799999117851,1
B20,mixamorig_RightArm,19,0.9938650131225586,0.10721100121736526,0.02715899981558323,0,-0.08918700367212296,0.6317099928855896,0.7700570225715637,0,0.06540200114250183,-0.7677549719810486,0.6373969912528992,0,0,1.451390027999878,0,1
B21,mixamorig_RightForeArm,20,0.559270977973938,-0.8283079862594604,0.03348600119352341,0,0.8285999894142151,0.5573260188102722,-0.05301100015640259,0,0.025245999917387962,0.05739400163292885,0.9980319738388062,0,0,3.2765069007873535,0,1
B22,mixamorig_RightHand,21,0.1400119960308075,0.3702940046787262,0.9183019995689392,0,-0.03503600135445595,0.9287099838256836,-0.36914899945259094,0,-0.9895300269126892,0.019511999562382698,0.14300400018692017,0,0,2.8292040824890137,0,1
B23,mixamorig_RightHandThumb1,22,0.7170739769935608,-0.6967570185661316,-0.018296999856829643,0,0.6863899827003479,0.7104799747467041,-0.15519699454307556,0,0.12113399803638458,0.09872899949550629,0.9877139925956726,0,0.32116401195526123,0.5079699754714966,0,1
B24,mixamorig_RightHandThumb2,23,0.9887959957122803,-0.14726999402046204,-0.024376999586820602,0,0.1465499997138977,0.9887760281562805,-0.02908499911427498,0,0.028387000784277916,0.025187000632286072,0.9992799758911133,0,0.08328499644994736,0.4735170006752014,0,1
B25,mixamorig_RightHandThumb3,24,0.9805970191955566,-0.1960269957780838,0.0019249999895691872,0,0.1960269957780838,0.980597972869873,0.00039400000241585076,0,-0.0019650000613182783,-0.000009000000318337698,0.9999979734420776,0,-0.002070999937132001,0.4775800108909607,0,1
B26,mixamorig_RightHandThumb4,25,1,0,0,0,0,1,0,0,0,0,1,0,-0.08121500164270401,0.3971160054206848,0,1
B27,mixamorig_RightHandIndex1,22,0.9002559781074524,-0.34199199080467224,0.2694090008735657,0,0.36401501297950745,0.9307389855384827,-0.03489600121974945,0,-0.23881499469280243,0.12948399782180786,0.9623929858207703,0,0,1.0201549530029297,0,1
B28,mixamorig_RightHandIndex2,27,0.9842410087585449,0.176828995347023,-0.0010600000387057662,0,-0.1765429973602295,0.9829549789428711,0.05130000039935112,0,0.010114000178873539,-0.05030500143766403,0.998682975769043,0,-0.07540299743413925,0.5894140005111694,0,1
B29,mixamorig_RightHandIndex3,28,0.9985100030899048,-0.05411500111222267,-0.006976000033318996,0,0.05411799997091293,0.9985340237617493,0.00032900000223889947,0,0.006947999820113182,-0.0007060000207275152,0.9999759793281555,0,0.0557279996573925,0.5480239987373352,0,1
B30,mixamorig_RightHandIndex4,29,1,0,0,0,0,1,0,0,0,0,1,0,0.019675999879837036,0.41751301288604736,0,1
B31,mixamorig_LeftUpLeg,0,-0.9796609878540039,-0.1974789947271347,-0.03558100014925003,0,0.1709659993648529,-0.9142950177192688,0.36719998717308044,0,-0.10504599660634995,0.35364800691604614,0.9294610023498535,0,1.022987961769104,-0.6898429989814758,-0.1812169998884201,1
B32,mixamorig_LeftLeg,31,0.9992560148239136,-0.036786999553442,0.011548999696969986,0,0.037664998322725296,0.8672339916229248,-0.4964739978313446,0,0.008248000405728817,0.49654000997543335,0.8679749965667725,0,0,5.231299877166748,0,1
B33,mixamorig_LeftFoot,32,0.9899929761886597,-0.13954299688339233,-0.021020999178290367,0,0.08685000240802765,0.48507699370384216,0.8701480031013489,0,-0.11122599989175797,-0.8632659912109375,0.4923419952392578,0,0,4.76700496673584,0,1
B34,mixamorig_LeftToeBase,33,0.9829789996147156,0.0002770000137388706,0.18371500074863434,0,-0.10608600080013275,0.8172860145568848,0.5663830041885376,0,-0.1499910056591034,-0.5762330293655396,0.8034039735794067,0,0,1.9788390398025513,0,1
B35,mixamorig_LeftToe_End,34,1,0,0,0,0,1,0,0,0,0,1,0,0,0.7514830231666565,0,1
B36,mixamorig_RightUpLeg,0,-0.9195259809494019,0.2438109964132309,-0.3082669973373413,0,-0.3212440013885498,-0.9181159734725952,0.23208999633789062,0,-0.2264389991760254,0.31244200468063354,0.9225540161132812,0,-1.022987961769104,-0.6898429989814758,-0.09872400015592575,1
B37,mixamorig_RightLeg,36,0.9989359974861145,0.04062100127339363,-0.021858999505639076,0,-0.044766999781131744,0.7393640279769897,-0.6718159914016724,0,-0.011127999983727932,0.6720790266990662,0.7403950095176697,0,0,5.234388828277588,0,1
B38,mixamorig_RightFoot,37,0.9797679781913757,0.1383650004863739,-0.1446010023355484,0,0.10418300330638885,0.26429200172424316,0.9587990045547485,0,0.1708810031414032,-0.9544659852981567,0.24453000724315643,0,0,4.769873142242432,0,1
B39,mixamorig_RightToeBase,38,0.9810199737548828,0.00013800000306218863,-0.19390900433063507,0,0.10954300314188004,0.8247489929199219,0.5547879934310913,0,0.16000300645828247,-0.5654990077018738,0.8090789914131165,0,0,1.9828089475631714,0,1
B40,mixamorig_RightToe_End,39,1,0,0,0,0,1,0,0,0,0,1,0,0,0.7492420077323914,0,1
@34,0,1,2,3,4,5,7,8,9,10,11,12,13,15,16,17,19,20,21,22,23,24,25,27,28,29,31,32,33,34,36,37,38,39
K0.000,0.9927420020103455,0.05064818263053894,-0.10907593369483948,0,-0.05315381661057472,0.9983819723129272,-0.02018585242331028,0,0.10787706822156906,0.025837145745754242,0.9938279390335083,0,-0.0003389999910723418,11.166014671325684,0.09240200370550156,1,0.9999510049819946,-0.009805230423808098,-0.0010559925576671958,0,0.009737769141793251,0.9986230134963989,-0.05155089125037193,0,0.0015600074548274279,0.05153810232877731,0.9986699223518372,0,0,1.2427419424057007,-0.1856590062379837,1,0.9999179244041443,-0.012027925811707973,-0.00446259044110775,0,0.012662073597311974,0.9812160134315491,0.19249823689460754,0,0.0020634091924875975,-0.1925387978553772,0.9812870621681213,0,0,1.4659559726715088,0,1,0.9999179244041443,-0.012027925811707973,-0.00446259044110775,0,0.012662073597311974,0.9812160134315491,0.19249823689460754,0,0.0020634091924875975,-0.1925387978553772,0.9812870621681213,0,0,1.6753770112991333,0,1,0.9979079961776733,-0.057967156171798706,0.028620759025216103,0,0.05891584977507591,0.9977010488510132,-0.033496931195259094,0,-0.02661323733627796,0.03511307016015053,0.9990289211273193,0,0,1.8847999572753906,0,1,0.996703028678894,0.06164911389350891,0.052745867520570755,0,-0.0429568849503994,0.952487051486969,-0.3015349507331848,0,-0.06882911920547485,0.2982749938964844,0.9519949555397034,0,0,0.855912983417511,0.3470599949359894,1,0.05715193971991539,0.16413657367229462,-0.9847810864448547,0,0.8948950171470642,-0.4457169771194458,-0.022353706881403923,0,-0.44260236620903015,-0.8799973726272583,-0.1723584085702896,0,0.652642011642456,1.576030969619751,-0.03514900058507919,1,0.9908570051193237,-0.13208135962486267,-0.027516433969140053,0,0.13100364804267883,0.8931272625923157,0.430303692817688,0,-0.03225943073630333,-0.4299743175506592,0.9022648930549622,0,0,1.451390027999878,0,1,0.5729080438613892,0.818669855594635,-0.03944426774978638,0,-0.8189859986305237,0.5699098706245422,-0.06681808829307556,0,-0.03222227096557617,0.07058490812778473,0.9969850182533264,0,0,3.2703590393066406,0,1,0.4423060715198517,-0.05455788969993591,-0.8952029347419739,0,-0.28880390524864197,0.9363170862197876,-0.1997571587562561,0,0.8490920066833496,0.346891850233078,0.39838212728500366,0,0,2.8214590549468994,0,1,0.6591041088104248,0.7396968603134155,-0.1357559859752655,0,-0.741658091545105,0.6692249178886414,0.04562373086810112,0,0.12459901720285416,0.07061373442411423,0.9896910190582275,0,-0.3050509989261627,0.43549299240112305,0,1,0.9919769763946533,0.1237349584698677,0.025905368849635124,0,-0.1230260357260704,0.9920259118080139,-0.02737985923886299,0,-0.029086627066135406,0.023973140865564346,0.9992889761924744,0,-0.06800000369548798,0.4198940098285675,0,1,0.9850000143051147,0.17243613302707672,0.006441108882427216,0,-0.17243286967277527,0.9850210547447205,-0.0010628004092723131,0,-0.006527890916913748,-0.00006380043487297371,0.9999790191650391,0,-0.004792999941855669,0.4857949912548065,0,1,0.9239340424537659,0.35030290484428406,-0.15373031795024872,0,-0.34712907671928406,0.9365919232368469,0.04791862145066261,0,0.16076868772506714,0.009090622887015343,0.9869499802589417,0,0,0.9967560172080994,0,1,0.9995779991149902,-0.02804708667099476,0.007511102128773928,0,0.02684691548347473,0.9913040399551392,0.12882296741008759,0,-0.011058899573981762,-0.12856701016426086,0.9916390180587769,0,0.060189999639987946,0.5512700080871582,0,1,0.9998880624771118,-0.014909063465893269,-0.001449351548217237,0,0.014908935874700546,0.9998889565467834,-0.00009780962864169851,0,0.001450648414902389,0.00007619035750394687,0.999998927116394,0,-0.026318000629544258,0.4993000030517578,0,1,-0.0437818206846714,0.07683393359184265,0.9960820078849792,0,-0.9841780662536621,-0.17465992271900177,-0.029785970225930214,0,0.17168699204921722,-0.9816259741783142,0.08326515555381775,0,-0.652642011642456,1.5792399644851685,-0.05662799999117851,1,0.9938650727272034,0.10721080750226974,0.027158893644809723,0,-0.08918720483779907,0.6317101716995239,0.7700568437576294,0,0.06540188938379288,-0.7677551507949829,0.6373967528343201,0,0,1.451390027999878,0,1,0.5592712759971619,-0.8283077478408813,0.033486396074295044,0,0.8286002278327942,0.5573257207870483,-0.05301078036427498,0,0.025246398523449898,0.057394228875637054,0.9980319738388062,0,0,3.2765069007873535,0,1,0.14001183211803436,0.37029415369033813,0.9183019995689392,0,-0.03503584489226341,0.9287099242210388,-0.36914917826652527,0,-0.989530086517334,0.019511790946125984,0.1430039405822754,0,0,2.8292040824890137,0,1,0.717073917388916,-0.6967570185661316,-0.018296826630830765,0,0.6863899230957031,0.7104800343513489,-0.15519700944423676,0,0.12113416194915771,0.09872898459434509,0.9877139329910278,0,0.32116401195526123,0.5079699754714966,0,1,0.9887959957122803,-0.14727000892162323,-0.02437712252140045,0,0.1465499997138977,0.9887760877609253,-0.029085172340273857,0,0.028386881574988365,0.025186829268932343,0.9992799758911133,0,0.08328499644994736,0.4735170006752014,0,1,0.9805968999862671,-0.19602727890014648,0.001925057265907526,0,0.1960267275571823,0.9805980324745178,0.0003940037568099797,0,-0.0019649427849799395,-0.000008996245924208779,0.9999979734420776,0,-0.002070999937132001,0.4775800108909607,0,1,0.9002559781074524,-0.341992050409317,0.2694088816642761,0,0.36401498317718506,0.9307390451431274,-0.03489593788981438,0,-0.2388150542974472,0.12948404252529144,0.9623929262161255,0,0,1.0201549530029297,0,1,0.9842410087585449,0.17682915925979614,-0.0010603397386148572,0,-0.17654284834861755,0.9829549789428711,0.05130030959844589,0,0.010113660246133804,-0.05030469223856926,0.998682975769043,0,-0.07540299743413925,0.5894140005111694,0,1,0.9985100030899048,-0.054114699363708496,-0.006976010277867317,0,0.05411829799413681,0.9985340237617493,0.00032897977507673204,0,0.006947988644242287,-0.0007060202187858522,0.9999759793281555,0,0.0557279996573925,0.5480239987373352,0,1,-0.9796609282493591,-0.1974790245294571,-0.03558111935853958,0,0.1709659844636917,-0.914294958114624,0.3671998679637909,0,-0.1050458699464798,0.3536480665206909,0.9294609427452087,0,1.022987961769104,-0.6898429989814758,-0.1812169998884201,1,0.9992560148239136,-0.036787115037441254,0.011549090966582298,0,0.037664882838726044,0.8672339916229248,-0.4964739978313446,0,0.008248090744018555,0.49654003977775574,0.8679750561714172,0,0,5.231299877166748,0,1,0.9899929761886597,-0.13954313099384308,-0.02102123759686947,0,0.08684986084699631,0.48507699370384216,0.8701480627059937,0,-0.11122623831033707,-0.8632659316062927,0.4923419952392578,0,0,4.76700496673584,0,1,0.9829789996147156,0.000277365354122594,0.18371522426605225,0,-0.1060856282711029,0.8172858357429504,0.566383421421051,0,-0.14999078214168549,-0.5762326121330261,0.8034042716026306,0,0,1.9788390398025513,0,1,-0.9195260405540466,0.24381084740161896,-0.30826714634895325,0,-0.3212442100048065,-0.9181159734725952,0.23209013044834137,0,-0.22643885016441345,0.3124418556690216,0.922554075717926,0,-1.022987961769104,-0.6898429989814758,-0.09872400015592575,1,0.9989359378814697,0.040621206164360046,-0.021859118714928627,0,-0.04476679861545563,0.7393640279769897,-0.6718159914016724,0,-0.011128118261694908,0.6720790266990662,0.7403950691223145,0,0,5.234388828277588,0,1,0.9797680377960205,0.13836459815502167,-0.14460115134716034,0,0.10418260097503662,0.26429203152656555,0.9587990045547485,0,0.17088086903095245,-0.9544660449028015,0.2445298284292221,0,0,4.769873142242432,0,1,0.9810199737548828,0.00013841605687048286,-0.19390907883644104,0,0.10954342037439346,0.8247489333152771,0.5547879934310913,0,0.1600029170513153,-0.565498948097229,0.8090790510177612,0,0,1.9828089475631714,0,1
K0.033,0.9915130734443665,0.06287182867527008,-0.11379768699407578,0,-0.06610336899757385,0.9975029826164246,-0.024846868589520454,0,0.1119513213634491,0.032158393412828445,0.9931929111480713,0,-0.052369292825460434,11.138628959655762,0.10822416841983795,1,0.9998980164527893,-0.014158074744045734,-0.0019901348277926445,0,0.014032064937055111,0.9984830617904663,-0.05324419215321541,0,0.0027409514877945185,0.05321084335446358,0.9985800385475159,0,0,1.2427419424057007,-0.1856590062379837,1,0.9998109340667725,-0.017997317016124725,-0.007406027987599373,0,0.019073883071541786,0.9817469120025635,0.18923328816890717,0,0.0038651509676128626,-0.18933868408203125,0.9819040298461914,0,0,1.4659559726715088,0,1,0.9998109340667725,-0.017997317016124725,-0.0074060228653252125,0,0.019073881208896637,0.9817469716072083,0.18923279643058777,0,0.003865154692903161,-0.18933814764022827,0.9819039106369019,0,0,1.6753770112991333,0,1,0.997829020023346,-0.05875387787818909,0.029753223061561584,0,0.05969827249646187,0.9977059364318848,-0.03191502019762993,0,-0.027809850871562958,0.03362196683883667,0.9990479946136475,0,0,1.8847999572753906,0,1,0.9950259327888489,0.07702332735061646,0.06318066269159317,0,-0.055434469133615494,0.9550390243530273,-0.29125285148620605,0,-0.08277324587106705,0.28630170226097107,0.9545580744743347,0,0,0.855912983417511,0.3470599949359894,1,0.05536319687962532,0.1642930954694748,-0.9848569631576538,0,0.895491898059845,-0.4444420635700226,-0.023801986128091812,0,-0.44162213802337646,-0.8806130290031433,-0.17172862589359283,0,0.652642011642456,1.576030969619751,-0.03514900058507919,1,0.9911869764328003,-0.12766782939434052,-0.035344891250133514,0,0.1306491196155548,0.8980340957641602,0.4200786352157593,0,-0.021889613941311836,-0.42099425196647644,0.9067994356155396,0,0,1.451390027999878,0,1,0.5641393661499023,0.8247014880180359,-0.04017030447721481,0,-0.8250223994255066,0.5610823035240173,-0.06726936995983124,0,-0.03293830528855324,0.0710907131433487,0.9969260096549988,0,0,3.2703590393066406,0,1,0.48023083806037903,-0.05534271150827408,-0.8753944635391235,0,-0.27316659688949585,0.9389401078224182,-0.20921598374843597,0,0.8335219621658325,0.33960065245628357,0.43579038977622986,0,0,2.8214590549468994,0,1,0.6607849597930908,0.7407530546188354,-0.12102951109409332,0,-0.7381987571716309,0.6705462336540222,0.073689304292202,0,0.1357414722442627,0.04065105691552162,0.9899099469184875,0,-0.3050509989261627,0.43549299240112305,0,1,0.9919769763946533,0.1237349584698677,0.025905368849635124,0,-0.1230260357260704,0.9920259118080139,-0.02737985923886299,0,-0.029086627066135406,0.023973140865564346,0.9992889761924744,0,-0.06800000369548798,0.4198940098285675,0,1,0.9850000739097595,0.17243564128875732,0.006441109348088503,0,-0.1724323332309723,0.9850209355354309,-0.0010627986630424857,0,-0.006527890916913748,-0.00006379878323059529,0.9999790191650391,0,-0.004792999941855669,0.4857949912548065,0,1,0.9239339232444763,0.35030391812324524,-0.1537303328514099,0,-0.34713008999824524,0.9365919828414917,0.04791870340704918,0,0.16076867282390594,0.00909070298075676,0.9869499802589417,0,0,0.9967560172080994,0,1,0.9995779991149902,-0.028047585859894753,0.0075110699981451035,0,0.026847412809729576,0.9913039803504944,0.12882298231124878,0,-0.011058931238949299,-0.12856701016426086,0.9916390180587769,0,0.060189999639987946,0.5512700080871582,0,1,0.9998880624771118,-0.014909063465893269,-0.0014488515444099903,0,0.014908935874700546,0.9998889565467834,-0.00009780590335140005,0,0.0014501484110951424,0.00007619409007020295,0.999998927116394,0,-0.026318000629544258,0.4993000030517578,0,1,-0.04970435053110123,0.07657406479120255,0.9958239197731018,0,-0.9854789972305298,-0.16584357619285583,-0.036435432732105255,0,0.1623610556125641,-0.9831749796867371,0.08370531350374222,0,-0.652642011642456,1.5792399644851685,-0.05662799999117851,1,0.9921600222587585,0.11633520573377609,0.04566342383623123,0,-0.10833460092544556,0.6184120178222656,0.7783509492874146,0,0.062310781329870224,-0.7771953344345093,0.626166582107544,0,0,1.451390027999878,0,1,0.5520226955413818,-0.8331381678581238,0.033940237015485764,0,0.8334313631057739,0.550045371055603,-0.05330798029899597,0,0.02574424259364605,0.0577140711247921,0.998000979423523,0,0,3.2765069007873535,0,1,0.13786935806274414,0.3671134114265442,0.9199021458625793,0,-0.0431215763092041,0.9301159977912903,-0.3647267818450928,0,-0.9895110130310059,0.01061699353158474,0.14406490325927734,0,0,2.8292040824890137,0,1,0.7170741558074951,-0.6967568397521973,-0.018296878784894943,0,0.686390221118927,0.7104807496070862,-0.15519703924655914,0,0.12113411724567413,0.09872894734144211,0.9877139925956726,0,0.32116401195526123,0.5079699754714966,0,1,0.9887959957122803,-0.14726898074150085,-0.024377131834626198,0,0.14654895663261414,0.9887759685516357,-0.029085153713822365,0,0.02838686853647232,0.025186842307448387,0.9992799758911133,0,0.08328499644994736,0.4735170006752014,0,1,0.9805968999862671,-0.19602727890014648,0.001925057265907526,0,0.1960267275571823,0.9805980324745178,0.0003940037568099797,0,-0.0019649427849799395,-0.000008996245924208779,0.9999979734420776,0,-0.002070999937132001,0.4775800108909607,0,1,0.9002559781074524,-0.34199094772338867,0.2694089710712433,0,0.3640140891075134,0.9307389855384827,-0.034897033125162125,0,-0.23881497979164124,0.12948493659496307,0.9623929262161255,0,0,1.0201549530029297,0,1,0.9842409491539001,0.17683014273643494,-0.001060270587913692,0,-0.17654384672641754,0.9829549789428711,0.05130081623792648,0,0.0101137300953269,-0.05030518397688866,0.9986829161643982,0,-0.07540299743413925,0.5894140005111694,0,1,0.9985100030899048,-0.054114699363708496,-0.006977010052651167,0,0.05411829799413681,0.9985340237617493,0.00032895265030674636,0,0.006948988884687424,-0.000706047227140516,0.9999759793281555,0,0.0557279996573925,0.5480239987373352,0,1,-0.9750949740409851,-0.19801072776317596,-0.09990936517715454,0,0.149704247713089,-0.919984757900238,0.36223822832107544,0,-0.1636420339345932,0.33825957775115967,0.9267150163650513,0,1.022987961769104,-0.6898429989814758,-0.1812169998884201,1,0.9992650151252747,-0.035506755113601685,0.014424929395318031,0,0.03796624764800072,0.865734875202179,-0.4990602433681488,0,0.005231847986578941,0.4992412328720093,0.866446852684021,0,0,5.231299877166748,0,1,0.9865619540214539,-0.16112510859966278,0.02710079774260521,0,0.054095908999443054,0.478626549243927,0.8763502240180969,0,-0.15417321026325226,-0.8631078600883484,0.4809110164642334,0,0,4.76700496673584,0,1,0.982653021812439,-0.0033133882097899914,0.18542516231536865,0,-0.10762635618448257,0.8040567636489868,0.5847293138504028,0,-0.15102989971637726,-0.5945431590080261,0.7897528409957886,0,0,1.9788390398025513,0,1,-0.9164681434631348,0.2563227415084839,-0.30722102522850037,0,-0.3360186517238617,-0.9099117517471313,0.24321025609970093,0,-0.21720384061336517,0.3261266350746155,0.9200348854064941,0,-1.022987961769104,-0.6898429989814758,-0.09872400015592575,1,0.9988589882850647,0.04177602007985115,-0.023150211200118065,0,-0.04598502442240715,0.7102159261703491,-0.7024800181388855,0,-0.012905164621770382,0.7027426958084106,0.7113263010978699,0,0,5.234388828277588,0,1,0.9798088669776917,0.14316459000110626,-0.13956697285175323,0,0.09910861402750015,0.25847917795181274,0.9609190225601196,0,0.17364485561847687,-0.9553499221801758,0.2390715330839157,0,0,4.769873142242432,0,1,0.9808949828147888,0.0015768016455695033,-0.19453290104866028,0,0.11011291295289993,0.8198645114898682,0.5618687272071838,0,0.16037659347057343,-0.5725548267364502,0.8040274381637573,0,0,1.9828089475631714,0,1
K0.067,0.9907559752464294,0.07184828072786331,-0.1150679960846901,0,-0.07659553736448288,0.996362030506134,-0.03737429156899452,0,0.11196400225162506,0.04584246128797531,0.992654025554657,0,-0.17720183730125427,11.059309005737305,0.1250738501548767,1,0.9997630715370178,-0.020949963480234146,-0.00595226651057601,0,0.02059391513466835,0.9982939958572388,-0.054632242769002914,0,0.007086656522005796,0.054496727883815765,0.9984890222549438,0,0,1.2427419424057007,-0.1856590062379837,1,0.9994969964027405,-0.026846852153539658,-0.016879037022590637,0,0.0295269638299942,0.9820069074630737,0.1865222156047821,0,0.011567802168428898,-0.18692685663700104,0.9823061227798462,0,0,1.4659559726715088,0,1,0.9994969964027405,-0.026846852153539658,-0.016879037022590637,0,0.0295269638299942,0.9820069074630737,0.1865222156047821,0,0.011567802168428898,-0.18692685663700104,0.9823061227798462,0,0,1.6753770112991333,0,1,0.9972079992294312,-0.06661354750394821,0.03375081345438957,0,0.06767430156469345,0.9972159266471863,-0.03132571652531624,0,-0.031570110470056534,0.03352229297161102,0.9989389777183533,0,0,1.8847999572753906,0,1,0.987328052520752,0.12137079983949661,0.10223934054374695,0,-0.08916348218917847,0.957219123840332,-0.27528390288352966,0,-0.13127684593200684,0.26267942786216736,0.9559109210968018,0,0,0.855912983417511,0.3470599949359894,1,0.050131842494010925,0.16452695429325104,-0.9850980639457703,0,0.8941720724105835,-0.44677600264549255,-0.0291140079498291,0,-0.44490790367126465,-0.8793871402740479,-0.1695130467414856,0,0.652642011642456,1.576030969619751,-0.03514900058507919,1,0.9914470314979553,-0.12261876463890076,-0.04468858987092972,0,0.1304502934217453,0.9208857417106628,0.3673575222492218,0,-0.0038918424397706985,-0.37004542350769043,0.9290058016777039,0,0,1.451390027999878,0,1,0.49764376878738403,0.8661786317825317,-0.04566778615117073,0,-0.866524875164032,0.4941224157810211,-0.07056201994419098,0,-0.038553785532712936,0.0746869295835495,0.9964609742164612,0,0,3.2703590393066406,0,1,0.5337364077568054,-0.03908195346593857,-0.8447473645210266,0,-0.24438010156154633,0.94918292760849,-0.19832025468349457,0,0.8095703125,0.31229010224342346,0.4970625340938568,0,0,2.8214590549468994,0,1,0.6704427599906921,0.7359402179718018,-0.09432832896709442,0,-0.7240709662437439,0.6767181158065796,0.13332051038742065,0,0.16194967925548553,-0.021083366125822067,0.9865739941596985,0,-0.3050509989261627,0.43549299240112305,0,1,0.9919769763946533,0.12373495101928711,0.02590487152338028,0,-0.123026043176651,0.9920259118080139,-0.027379827573895454,0,-0.029086127877235413,0.023973172530531883,0.9992889761924744,0,-0.06800000369548798,0.4198940098285675,0,1,0.9850000739097595,0.17243564128875732,0.006441109348088503,0,-0.1724323332309723,0.9850209355354309,-0.0010627986630424857,0,-0.006527890916913748,-0.00006379878323059529,0.9999790191650391,0,-0.004792999941855669,0.4857949912548065,0,1,0.9239339232444763,0.35030388832092285,-0.15373042225837708,0,-0.34713008999824524,0.9365919232368469,0.04791820049285889,0,0.16076858341693878,0.009091201238334179,0.9869500398635864,0,0,0.9967560172080994,0,1,0.9995779991149902,-0.02804708667099476,0.007511102128773928,0,0.02684691548347473,0.9913040399551392,0.12882296741008759,0,-0.011058899573981762,-0.12856701016426086,0.9916390180587769,0,0.060189999639987946,0.5512700080871582,0,1,0.9998880624771118,-0.014909063465893269,-0.0014488515444099903,0,0.014908935874700546,0.9998889565467834,-0.00009780590335140005,0,0.0014501484110951424,0.00007619409007020295,0.999998927116394,0,-0.026318000629544258,0.4993000030517578,0,1,-0.06910426169633865,0.07526088505983353,0.9947659969329834,0,-0.9865279197692871,-0.1533682495355606,-0.056928593665361404,0,0.14828109741210938,-0.9852990508079529,0.08484537899494171,0,-0.652642011642456,1.5792399644851685,-0.05662799999117851,1,0.9855780601501465,0.13887591660022736,0.0966946929693222,0,-0.16122141480445862,0.5969606637954712,0.7859046459197998,0,0.051420263946056366,-0.7901591658592224,0.6107407808303833,0,0,1.451390027999878,0,1,0.5018064379692078,-0.8641817569732666,0.037146858870983124,0,0.8644876480102539,0.4996095895767212,-0.05523811653256416,0,0.029176855459809303,0.05983185023069382,0.9977819919586182,0,0,3.2765069007873535,0,1,0.13654065132141113,0.35910969972610474,0.9232538342475891,0,-0.053310293704271317,0.933294951915741,-0.35513120889663696,0,-0.9891990423202515,-0.000729079416487366,0.1465769112110138,0,0,2.8292040824890137,0,1,0.717073917388916,-0.6967570185661316,-0.018296826630830765,0,0.6863899230957031,0.7104800343513489,-0.15519700944423676,0,0.12113416194915771,0.09872898459434509,0.9877139329910278,0,0.32116401195526123,0.5079699754714966,0,1,0.9887959957122803,-0.14726899564266205,-0.024377094581723213,0,0.14654898643493652,0.9887760877609253,-0.029085656628012657,0,0.028386903926730156,0.02518734335899353,0.9992799758911133,0,0.08328499644994736,0.4735170006752014,0,1,0.9805968999862671,-0.19602727890014648,0.0019260572735220194,0,0.1960267275571823,0.9805980324745178,0.00039410273893736303,0,-0.001965942792594433,-0.000008897271072783042,0.9999979734420776,0,-0.002070999937132001,0.4775800108909607,0,1,0.9002559781074524,-0.341992050409317,0.2694088816642761,0,0.36401498317718506,0.9307390451431274,-0.03489593788981438,0,-0.2388150542974472,0.12948404252529144,0.9623929262161255,0,0,1.0201549530029297,0,1,0.9842410087585449,0.17682965099811554,-0.0010603265836834908,0,-0.17654332518577576,0.9829549193382263,0.05130031332373619,0,0.010113673284649849,-0.05030469223856926,0.998682975769043,0,-0.07540299743413925,0.5894140005111694,0,1,0.9985100030899048,-0.054114699363708496,-0.006976010277867317,0,0.05411829799413681,0.9985340237617493,0.00032897977507673204,0,0.006947988644242287,-0.0007060202187858522,0.9999759793281555,0,0.0557279996573925,0.5480239987373352,0,1,-0.9633499979972839,-0.20919999480247498,-0.16790330410003662,0,0.13735300302505493,-0.9223438501358032,0.36113232374191284,0,-0.23041343688964844,0.32483479380607605,0.9172742366790771,0,1.022987961769104,-0.6898429989814758,-0.1812169998884201,1,0.9992240071296692,-0.03451112285256386,0.01896090991795063,0,0.03932487592101097,0.8498711585998535,-0.5255206823348999,0,0.002021980471909046,0.5258587002754211,0.8505691885948181,0,0,5.231299877166748,0,1,0.9783920645713806,-0.19366568326950073,0.07240541279315948,0,0.024838298559188843,0.45775106549263,0.8887330293655396,0,-0.2052607387304306,-0.8677309155464172,0.4526703357696533,0,0,4.76700496673584,0,1,0.9822351336479187,-0.007953107357025146,0.1874876618385315,0,-0.10962913185358047,0.7865599989891052,0.6077049374580383,0,-0.1523032933473587,-0.6174626350402832,0.7717142105102539,0,0,1.9788390398025513,0,1,-0.9114062190055847,0.26922452449798584,-0.3112175762653351,0,-0.3596581816673279,-0.8886449933052063,0.28452664613723755,0,-0.19996051490306854,0.37125155329704285,0.9067460298538208,0,-1.022987961769104,-0.6898429989814758,-0.09872400015592575,1,0.9986810088157654,0.042244989424943924,-0.029169131070375443,0,-0.04917197674512863,0.6238911151885986,-0.7799630761146545,0,-0.01475116703659296,0.7803686261177063,0.6251454949378967,0,0,5.234388828277588,0,1,0.9790819883346558,0.18080471456050873,-0.0933167040348053,0,0.03979362174868584,0.27961769700050354,0.9592860341072083,0,0.19953647255897522,-0.942933201789856,0.26657378673553467,0,0,4.769873142242432,0,1,0.9843299388885498,-0.0037489670794457197,-0.17629718780517578,0,0.11616094410419464,0.7659826278686523,0.6322792172431946,0,0.13267023861408234,-0.6428504586219788,0.7544154524803162,0,0,1.9828089475631714,0,1
K0.100,0.9854080080986023,0.07156064361333847,-0.15443198382854462,0,-0.08162840455770493,0.9948638677597046,-0.0598592609167099,0,0.1493551880121231,0.0715918093919754,0.9861879348754883,0,-0.3599691390991211,10.914013862609863,0.17985613644123077,1,0.9996550679206848,-0.024335026741027832,-0.009927862323820591,0,0.023727964609861374,0.9980769753456116,-0.05725817009806633,0,0.01130214985460043,0.05700284242630005,0.9983100295066833,0,0,1.2427419424057007,-0.1856590062379837,1,0.9992539882659912,-0.029674004763364792,-0.02470102533698082,0,0.03366997092962265,0.9828370809555054,0.1813747137784958,0,0.018894989043474197,-0.182071253657341,0.9831039309501648,0,0,1.4659559726715088,0,1,0.9992539882659912,-0.029674004763364792,-0.02470102533698082,0,0.03366997092962265,0.9828370809555054,0.1813747137784958,0,0.018894989043474197,-0.182071253657341,0.9831039309501648,0,0,1.6753770112991333,0,1,0.9958080053329468,-0.08485014736652374,0.03415146842598915,0,0.08597584813833237,0.9957520365715027,-0.03296298906207085,0,-0.031209485605359077,0.03576101362705231,0.9988730549812317,0,0,1.8847999572753906,0,1,0.9787639379501343,0.1513640433549881,0.13823996484279633,0,-0.11381687223911285,0.9621430039405823,-0.2476419359445572,0,-0.17049075663089752,0.22664904594421387,0.9589390754699707,0,0,0.855912983417511,0.3470599949359894,1,0.05638471990823746,0.16404399275779724,-0.9848399758338928,0,0.8928998112678528,-0.44962719082832336,-0.023773182183504105,0,-0.4467107653617859,-0.878023087978363,-0.17182691395282745,0,0.652642011642456,1.576030969619751,-0.03514900058507919,1,0.9938870668411255,-0.10486078262329102,-0.03455021232366562,0,0.1103689968585968,0.9517539143562317,0.2863270342350006,0,0.0028588261920958757,-0.2883899211883545,0.9575090408325195,0,0,1.451390027999878,0,1,0.39161384105682373,0.91852205991745,-0.054366014897823334,0,-0.9188999533653259,0.3873530328273773,-0.07470902800559998,0,-0.047563016414642334,0.07921396195888519,0.9957219958305359,0,0,3.2703590393066406,0,1,0.5416309237480164,-0.05930494889616966,-0.8385221362113953,0,-0.25216686725616455,0.9401059746742249,-0.2293729931116104,0,0.8019030094146729,0.3356831669807434,0.49423593282699585,0,0,2.8214590549468994,0,1,0.6827592253684998,0.7250878214836121,-0.08993330597877502,0,-0.7094521522521973,0.6873447299003601,0.1556742638349533,0,0.17469269037246704,-0.04248465970158577,0.983705997467041,0,-0.3050509989261627,0.43549299240112305,0,1,0.9919769763946533,0.1237359419465065,0.025904860347509384,0,-0.12302704155445099,0.9920259118080139,-0.0273798406124115,0,-0.029086139053106308,0.02397315762937069,0.9992889761924744,0,-0.06800000369548798,0.4198940098285675,0,1,0.9850000739097595,0.17243564128875732,0.006441109348088503,0,-0.1724323332309723,0.9850209355354309,-0.0010627986630424857,0,-0.006527890916913748,-0.00006379878323059529,0.9999790191650391,0,-0.004792999941855669,0.4857949912548065,0,1,0.9239341020584106,0.3503039479255676,-0.1537308394908905,0,-0.34713003039360046,0.9365919828414917,0.047918789088726044,0,0.16076914966106415,0.009090786799788475,0.9869499206542969,0,0,0.9967560172080994,0,1,0.9995779991149902,-0.028047120198607445,0.007511602248996496,0,0.026846881955862045,0.9913040399551392,0.12882298231124878,0,-0.011059398762881756,-0.12856701016426086,0.9916390180587769,0,0.060189999639987946,0.5512700080871582,0,1,0.9998880624771118,-0.014909063465893269,-0.0014488515444099903,0,0.014908935874700546,0.9998889565467834,-0.00009780590335140005,0,0.0014501484110951424,0.00007619409007020295,0.999998927116394,0,-0.026318000629544258,0.4993000030517578,0,1,-0.0970083698630333,0.07533808052539825,0.9924280643463135,0,-0.9896771311759949,-0.11298849433660507,-0.0881621465086937,0,0.10549096763134003,-0.9907360076904297,0.0855211690068245,0,-0.652642011642456,1.5792399644851685,-0.05662799999117851,1,0.9687849879264832,0.19121581315994263,0.15777410566806793,0,-0.24036525189876556,0.5687781572341919,0.7865857481956482,0,0.06066912040114403,-0.7999550700187683,0.5969848036766052,0,0,1.451390027999878,0,1,0.4487777650356293,-0.8927251100540161,0.04050007089972496,0,0.8930388689041138,0.44634634256362915,-0.05707148462533951,0,0.032872069627046585,0.06178051233291626,0.9975479245185852,0,0,3.2765069007873535,0,1,0.18432670831680298,0.3811253309249878,0.9059619307518005,0,-0.07864169031381607,0.924519956111908,-0.3729320466518402,0,-0.9797139167785645,-0.002505038632079959,0.20038610696792603,0,0,2.8292040824890137,0,1,0.717073917388916,-0.6967570185661316,-0.018296826630830765,0,0.6863899230957031,0.7104800343513489,-0.15519700944423676,0,0.12113416194915771,0.09872898459434509,0.9877139329910278,0,0.32116401195526123,0.5079699754714966,0,1,0.9887959957122803,-0.14727002382278442,-0.024377087131142616,0,0.1465499997138977,0.9887760281562805,-0.02908567152917385,0,0.02838691882789135,0.025187330320477486,0.9992799758911133,0,0.08328499644994736,0.4735170006752014,0,1,0.9805968999862671,-0.19602727890014648,0.001925057265907526,0,0.1960267275571823,0.9805980324745178,0.0003940037568099797,0,-0.0019649427849799395,-0.000008996245924208779,0.9999979734420776,0,-0.002070999937132001,0.4775800108909607,0,1,0.9002559781074524,-0.341992050409317,0.2694088816642761,0,0.36401498317718506,0.9307390451431274,-0.03489593788981438,0,-0.2388150542974472,0.12948404252529144,0.9623929262161255,0,0,1.0201549530029297,0,1,0.9842409491539001,0.17683014273643494,-0.0010603151749819517,0,-0.17654384672641754,0.9829549789428711,0.05130031332373619,0,0.010113685391843319,-0.050304681062698364,0.998682975769043,0,-0.07540299743413925,0.5894140005111694,0,1,0.9985100030899048,-0.054114699363708496,-0.006976010277867317,0,0.05411829799413681,0.9985340237617493,0.00032897977507673204,0,0.006947988644242287,-0.0007060202187858522,0.9999759793281555,0,0.0557279996573925,0.5480239987373352,0,1,-0.9528849124908447,-0.22782494127750397,-0.20026616752147675,0,0.14011803269386292,-0.9161558151245117,0.3755342364311218,0,-0.26903092861175537,0.32977980375289917,0.904913067817688,0,1.022987961769104,-0.6898429989814758,-0.1812169998884201,1,0.9991310834884644,-0.034315142780542374,0.02367577515542507,0,0.04168485850095749,0.8132231831550598,-0.5804567933082581,0,0.0006647694972343743,0.5809392333030701,0.8139468431472778,0,0,5.231299877166748,0,1,0.9754950404167175,-0.2151966243982315,0.04582109674811363,0,0.05075041577219963,0.42271798849105835,0.9048389196395874,0,-0.2140878289937973,-0.8803409934043884,0.4232809245586395,0,0,4.76700496673584,0,1,0.9819430708885193,-0.011219033971428871,0.18884362280368805,0,-0.11104603111743927,0.7739818692207336,0.6233952045440674,0,-0.1531553864479065,-0.6331087946891785,0.7587601542472839,0,0,1.9788390398025513,0,1,-0.8929678201675415,0.30069613456726074,-0.33494624495506287,0,-0.404805064201355,-0.8618699908256531,0.30547261238098145,0,-0.19682577252388,0.40836524963378906,0.8913458585739136,0,-1.022987961769104,-0.6898429989814758,-0.09872400015592575,1,0.9983599781990051,0.04470605403184891,-0.03574768826365471,0,-0.05314895510673523,0.4921102821826935,-0.8689088225364685,0,-0.021253691986203194,0.8693842887878418,0.49367958307266235,0,0,5.234388828277588,0,1,0.9686980247497559,0.2262491136789322,-0.10215774923563004,0,0.03136228024959564,0.2966857850551605,0.954460084438324,0,0.2462543398141861,-0.9277868866920471,0.28030309081077576,0,0,4.769873142242432,0,1,0.9820700287818909,0.00324205681681633,-0.1884879469871521,0,0.11451403796672821,0.7839810848236084,0.6101319193840027,0,0.14974908530712128,-0.620776891708374,0.7695531249046326,0,0,1.9828089475631714,0,1
