0.967,30,30,41
B0,mixamorig_Hips,-1,0.9926069974899292,-0.05293300002813339,0.10922200232744217,0,0.05546800047159195,0.9982540011405945,-0.020305000245571136,0,-0.10795699805021286,0.02621299959719181,0.9938099980354309,0,0.004056000150740147,11.167327880859375,0.0915519967675209,1
B1,mixamorig_Spine,0,0.999925971031189,0.012095999903976917,0.0009599999757483602,0,-0.01203100010752678,0.9986169934272766,-0.05117899924516678,0,-0.0015770000172778964,0.05116400122642517,0.9986889958381653,0,0,1.2427419424057007,-0.1856590062379837,1
B2,mixamorig_Spine1,1,0.9999179840087891,0.012028000317513943,0.004461999982595444,0,-0.012662000022828579,0.9812160134315491,0.19249799847602844,0,-0.0020630001090466976,-0.1925390064716339,0.9812870025634766,0,0,1.4659559726715088,0,1
B3,mixamorig_Spine2,2,0.9999179840087891,0.012028000317513943,0.004463000223040581,0,-0.012662000022828579,0.9812160134315491,0.19249799847602844,0,-0.0020630001090466976,-0.1925390064716339,0.9812870025634766,0,0,1.6753770112991333,0,1
B4,mixamorig_Neck,3,0.9979079961776733,0.05796699970960617,-0.028620999306440353,0,-0.05891599878668785,0.9977009892463684,-0.03349599987268448,0,0.02661300078034401,0.03511299937963486,0.9990289807319641,0,0,1.8847999572753906,0,1
B5,mixamorig_Head,4,0.996703028678894,-0.06164899840950966,-0.0527460016310215,0,0.04295700043439865,0.9524869918823242,-0.3015350103378296,0,0.0688289999961853,0.2982749938964844,0.9519950151443481,0,0,0.855912983417511,0.3470599949359894,1
B6,mixamorig_HeadTop_End,5,1,0,0,0,0,1,0,0,0,0,1,0,0,2.8392999172210693,1.1512919664382935,1
B7,mixamorig_LeftShoulder,3,-0.012292999774217606,-0.06835699826478958,-0.9975849986076355,0,0.984154999256134,-0.17730900645256042,0.000022000000171829015,0,-0.17688199877738953,-0.9817780256271362,0.06945300102233887,0,0.652642011642456,1.576030969619751,-0.03514900058507919,1
B8,mixamorig_LeftArm,7,0.9921339750289917,-0.12279900163412094,-0.024315999820828438,0,0.09714200347661972,0.6327130198478699,0.7682690024375916,0,-0.07895799726247787,-0.7645879983901978,0.6396650075912476,0,0,1.451390027999878,0,1
B9,mixamorig_LeftForeArm,8,0.5604130029678345,0.8272709846496582,-0.039489999413490295,0,-0.8275049924850464,0.5573260188102722,-0.06798700243234634,0,-0.03423500061035156,0.07077900320291519,0.9969040155410767,0,0,3.2703590393066406,0,1
B10,mixamorig_LeftHand,9,0.20919600129127502,-0.3686479926109314,-0.9057239890098572,0,0.04100299999117851,0.9287099838256836,-0.3685329854488373,0,0.9770140051841736,0.03995800018310547,0.20939800143241882,0,0,2.8214590549468994,0,1
B11,mixamorig_LeftHandThumb1,10,0.7039129734039307,0.7099559903144836,0.021669000387191772,0,-0.7041829824447632,0.7015299797058105,-0.10946699976921082,0,-0.09291800111532211,0.06179700046777725,0.9937540292739868,0,-0.3050509989261627,0.43549299240112305,0,1
B12,mixamorig_LeftHandThumb2,11,0.9922770261764526,0.12109000235795975,0.026895999908447266,0,-0.12027499824762344,0.9922839999198914,-0.030110999941825867,0,-0.030334999784827232,0.02664400078356266,0.9991850256919861,0,-0.06800000369548798,0.4198940098285675,0,1
B13,mixamorig_LeftHandThumb3,12,0.9850000143051147,0.17243599891662598,0.0064409999176859856,0,-0.17243200540542603,0.9850209951400757,-0.0010629999451339245,0,-0.006527999881654978,-0.00006399999983841553,0.9999790191650391,0,-0.004792999941855669,0.4857949912548065,0,1
B14,mixamorig_LeftHandThumb4,13,1,0,0,0,0,1,0,0,0,0,1,0,0.07279200106859207,0.44150298833847046,0,1
B15,mixamorig_LeftHandIndex1,10,0.910224974155426,0.3329469859600067,-0.24624499678611755,0,-0.34944799542427063,0.9366139769554138,-0.02531599998474121,0,0.2222069948911667,0.10909300297498703,0.9688770174980164,0,0,0.9967560172080994,0,1
B16,mixamorig_LeftHandIndex2,15,0.99344402551651,-0.11426199972629547,0.0035749999806284904,0,0.1138949990272522,0.991972029209137,0.054951999336481094,0,-0.00982499960809946,-0.05418499931693077,0.9984830021858215,0,0.060189999639987946,0.5512700080871582,0,1
B17,mixamorig_LeftHandIndex3,16,0.999888002872467,-0.014909000135958195,-0.0014489999739453197,0,0.014909000135958195,0.9998890161514282,-0.000097999996796716,0,0.001449999981559813,0.00007599999662488699,0.9999989867210388,0,-0.026318000629544258,0.4993000030517578,0,1
B18,mixamorig_LeftHandIndex4,17,1,0,0,0,0,1,0,0,0,0,1,0,-0.033872999250888824,0.5011600255966187,0,1
B19,mixamorig_RightShoulder,3,0.024538999423384666,-0.16487500071525574,0.9860090017318726,0,-0.8982530236244202,-0.4365519881248474,-0.05064300075173378,0,0.43879398703575134,-0.8844429850578308,-0.1588120013475418,0,-0.652642011642456,1.5792399644851685,-0.05662799999117851,1
B20,mixamorig_RightArm,19,0.9935500025749207,0.11045899987220764,0.025620000436902046,0,-0.11062099784612656,0.8945879936218262,0.43298399448394775,0,0.024908000603318214,-0.4330250024795532,0.9010379910469055,0,0,1.451390027999878,0,1
B21,mixamorig_RightForeArm,20,0.5717960000038147,-0.8197050094604492,0.03366599977016449,0,0.8200610280036926,0.5699089765548706,-0.05199500173330307,0,0.023434000089764595,0.05733900144696236,0.9980800151824951,0,0,3.2765069007873535,0,1
B22,mixamorig_RightHand,21,0.37981000542640686,0.0736590027809143,0.9221270084381104,0,0.2919979989528656,0.9363160133361816,-0.19506199657917023,0,-0.8777710199356079,0.3433459997177124,0.3341139853000641,0,0,2.8292040824890137,0,1
B23,mixamorig_RightHandThumb1,22,0.6719679832458496,-0.726514995098114,0.14364899694919586,0,0.734578013420105,0.678508996963501,-0.004639000166207552,0,-0.09409599751234055,0.10863900184631348,0.9896180033683777,0,0.32116401195526123,0.5079699754714966,0,1
B24,mixamorig_RightHandThumb2,23,0.9884030222892761,-0.1500370055437088,-0.02342499978840351,0,0.14941200613975525,0.9884210228919983,-0.026468999683856964,0,0.027124999091029167,0.022662000730633736,0.9993749856948853,0,0.08328499644994736,0.4735170006752014,0,1
B25,mixamorig_RightHandThumb3,24,0.9805970191955566,-0.1960269957780838,0.0019249999895691872,0,0.1960269957780838,0.980597972869873,0.00039400000241585076,0,-0.0019650000613182783,-0.000009000000318337698,0.9999979734420776,0,-0.002070999937132001,0.4775800108909607,0,1
B26,mixamorig_RightHandThumb4,25,1,0,0,0,0,1,0,0,0,0,1,0,-0.08121500164270401,0.3971160054206848,0,1
B27,mixamorig_RightHandIndex1,22,0.9134510159492493,-0.36680901050567627,0.17623299360275269,0,0.3662930130958557,0.9297770261764526,0.036653000861406326,0,-0.17730200290679932,0.031072000041604042,0.9836660027503967,0,0,1.0201549530029297,0,1
B28,mixamorig_RightHandIndex2,27,0.9963300228118896,0.08556000143289566,-0.002283999929204583,0,-0.08468600362539291,0.9893239736557007,0.11859899759292603,0,0.012407000176608562,-0.11796999722719193,0.9929400086402893,0,-0.07540299743413925,0.5894140005111694,0,1
B29,mixamorig_RightHandIndex3,28,0.9985100030899048,-0.05411500111222267,-0.006976000033318996,0,0.05411799997091293,0.9985340237617493,0.00032900000223889947,0,0.006947999820113182,-0.0007060000207275152,0.9999759793281555,0,0.0557279996573925,0.5480239987373352,0,1
B30,mixamorig_RightHandIndex4,29,1,0,0,0,0,1,0,0,0,0,1,0,0.019675999879837036,0.41751301288604736,0,1
B31,mixamorig_LeftUpLeg,0,-0.9194939732551575,-0.24286000430583954,0.309112012386322,0,0.32278698682785034,-0.9152519702911377,0.24108600616455078,0,0.2243649959564209,0.3214539885520935,0.9199600219726562,0,1.022987961769104,-0.6898429989814758,-0.1812169998884201,1
B32,mixamorig_LeftLeg,31,0.9989799857139587,-0.039149001240730286,0.022523000836372375,0,0.044105999171733856,0.7382169961929321,-0.6731200218200684,0,0.009724999777972698,0.6734259724617004,0.7391899824142456,0,0,5.231299877166748,0,1
B33,mixamorig_LeftFoot,32,0.9800779819488525,-0.13519999384880066,0.1454949975013733,0,-0.10437700152397156,0.27263399958610535,0.9564390182495117,0,-0.16897700726985931,-0.9525709748268127,0.2530899941921234,0,0,4.76700496673584,0,1
B34,mixamorig_LeftToeBase,33,0.9813719987869263,-0.00016500000492669642,0.19211800396442413,0,-0.10874500125646591,0.8239030241966248,0.5561990141868591,0,-0.15837900340557098,-0.5667300224304199,0.8085370063781738,0,0,1.9788390398025513,0,1
B35,mixamorig_LeftToe_End,34,1,0,0,0,0,1,0,0,0,0,1,0,0,0.7514830231666565,0,1
B36,mixamorig_RightUpLeg,0,-0.9799870252609253,0.19568899273872375,0.03647800162434578,0,-0.16949500143527985,-0.9164000153541565,0.3626039922237396,0,0.10438600182533264,0.3491640090942383,0.9312289953231812,0,-1.022987961769104,-0.6898429989814758,-0.09872400015592575,1
B37,mixamorig_RightLeg,36,0.9992020130157471,0.03829000145196915,-0.011369000189006329,0,-0.0388059988617897,0.8631849884986877,-0.5033940076828003,0,-0.009461999870836735,0.5034340023994446,0.8639820218086243,0,0,5.234388828277588,0,1
B38,mixamorig_RightFoot,37,0.9901520013809204,0.13829800486564636,0.021726999431848526,0,-0.0852769985795021,0.47276198863983154,0.87705397605896,0,0.11102300137281418,-0.8702700138092041,0.4799000024795532,0,0,4.769873142242432,0,1
B39,mixamorig_RightToeBase,38,0.9826430082321167,-0.00027600000612437725,-0.1855040043592453,0,0.10688800364732742,0.8181470036506653,0.5649870038032532,0,0.1516139954328537,-0.5750089883804321,0.8039759993553162,0,0,1.9828089475631714,0,1
B40,mixamorig_RightToe_End,39,1,0,0,0,0,1,0,0,0,0,1,0,0,0.7492420077323914,0,1
@34,0,1,2,3,4,5,7,8,9,10,11,12,13,15,16,17,19,20,21,22,23,24,25,27,28,29,31,32,33,34,36,37,38,39
K0.000,0.9926069974899292,-0.052932802587747574,0.10922224819660187,0,0.055468201637268066,0.9982539415359497,-0.020304875448346138,0,-0.10795676708221436,0.02621312625706196,0.9938100576400757,0,0.004056000150740147,11.167327880859375,0.0915519967675209,1,0.999925971031189,0.012095975689589977,0.0009596323361620307,0,-0.012031023390591145,0.9986169338226318,-0.051179151982069016,0,-0.0015773676568642259,0.05116384103894234,0.9986890554428101,0,0,1.2427419424057007,-0.1856590062379837,1,0.9999179244041443,0.012027975171804428,0.004462090320885181,0,-0.012662025168538094,0.9812160134315491,0.19249823689460754,0,-0.002062909072265029,-0.1925387978553772,0.9812870621681213,0,0,1.4659559726715088,0,1,0.9999179244041443,0.012027925811707973,0.00446259044110775,0,-0.012662073597311974,0.9812160134315491,0.19249823689460754,0,-0.0020634091924875975,-0.1925387978553772,0.9812870621681213,0,0,1.6753770112991333,0,1,0.9979079961776733,0.0579671636223793,-0.028620745986700058,0,-0.05891583487391472,0.9977009296417236,-0.0334964245557785,0,0.026613252237439156,0.035112567245960236,0.9990289211273193,0,0,1.8847999572753906,0,1,0.996703028678894,-0.06164911389350891,-0.052745867520570755,0,0.0429568849503994,0.952487051486969,-0.3015349507331848,0,0.06882911920547485,0.2982749938964844,0.9519949555397034,0,0,0.855912983417511,0.3470599949359894,1,-0.012292956002056599,-0.06835678964853287,-0.9975849986076355,0,0.9841550588607788,-0.17730848491191864,0.00002208436853834428,0,-0.1768818348646164,-0.9817779660224915,0.06945337355136871,0,0.652642011642456,1.576030969619751,-0.03514900058507919,1,0.9921339750289917,-0.12279915809631348,-0.0243158508092165,0,0.09714186191558838,0.6327129602432251,0.7682691216468811,0,-0.07895784825086594,-0.7645879983901978,0.6396650671958923,0,0,1.451390027999878,0,1,0.5604129433631897,0.8272711038589478,-0.03948994353413582,0,-0.8275049924850464,0.557326078414917,-0.06798703968524933,0,-0.034234944730997086,0.07077896595001221,0.9969040155410767,0,0,3.2703590393066406,0,1,0.20919594168663025,-0.3686477839946747,-0.9057241082191467,0,0.04100320488214493,0.9287099838256836,-0.3685329556465149,0,0.9770139455795288,0.03995801880955696,0.20939810574054718,0,0,2.8214590549468994,0,1,0.7039129137992859,0.7099560499191284,0.021668776869773865,0,-0.7041829228401184,0.7015299797058105,-0.10946734994649887,0,-0.09291821718215942,0.0617966428399086,0.9937540292739868,0,-0.3050509989261627,0.43549299240112305,0,1,0.9922770261764526,0.12109016627073288,0.026896171271800995,0,-0.12027483433485031,0.9922839999198914,-0.03011123649775982,0,-0.030334824696183205,0.02664376236498356,0.9991849660873413,0,-0.06800000369548798,0.4198940098285675,0,1,0.9850000739097595,0.17243564128875732,0.006441109348088503,0,-0.1724323332309723,0.9850209355354309,-0.0010627986630424857,0,-0.006527890916913748,-0.00006379878323059529,0.9999790191650391,0,-0.004792999941855669,0.4857949912548065,0,1,0.9102250933647156,0.3329468071460724,-0.24624469876289368,0,-0.34944820404052734,0.9366138577461243,-0.025315992534160614,0,0.22220727801322937,0.10909300297498703,0.9688769578933716,0,0,0.9967560172080994,0,1,0.99344402551651,-0.11426202207803726,0.0035748726222664118,0,0.11389496922492981,0.9919719696044922,0.05495220050215721,0,-0.009825128130614758,-0.05418480187654495,0.9984830617904663,0,0.060189999639987946,0.5512700080871582,0,1,0.9998880624771118,-0.014909063465893269,-0.0014488515444099903,0,0.014908935874700546,0.9998889565467834,-0.00009780590335140005,0,0.0014501484110951424,0.00007619409007020295,0.999998927116394,0,-0.026318000629544258,0.4993000030517578,0,1,0.02453896589577198,-0.1648750752210617,0.986008882522583,0,-0.8982530236244202,-0.43655192852020264,-0.0506429523229599,0,0.43879395723342896,-0.8844428658485413,-0.1588120013475418,0,-0.652642011642456,1.5792399644851685,-0.05662799999117851,1,0.9935500621795654,0.1104586124420166,0.025619706138968468,0,-0.110621377825737,0.8945881128311157,0.4329836666584015,0,0.024907706305384636,-0.4330253303050995,0.9010378122329712,0,0,1.451390027999878,0,1,0.5717960596084595,-0.8197050094604492,0.03366607800126076,0,0.8200609683990479,0.5699089169502258,-0.051995132118463516,0,0.023434080183506012,0.05733886733651161,0.9980800747871399,0,0,3.2765069007873535,0,1,0.3798099160194397,0.07365906983613968,0.9221270084381104,0,0.2919980585575104,0.9363159537315369,-0.19506198167800903,0,-0.8777709603309631,0.3433460295200348,0.3341140151023865,0,0,2.8292040824890137,0,1,0.6719681620597839,-0.7265148758888245,0.1436486840248108,0,0.7345782518386841,0.6785088181495667,-0.004639352206140757,0,-0.09409631788730621,0.10863865166902542,0.9896180033683777,0,0.32116401195526123,0.5079699754714966,0,1,0.9884030818939209,-0.15003681182861328,-0.023424968123435974,0,0.14941222965717316,0.9884210228919983,-0.026468977332115173,0,0.027125030755996704,0.022662024945020676,0.9993749856948853,0,0.08328499644994736,0.4735170006752014,0,1,0.9805968999862671,-0.19602727890014648,0.001925057265907526,0,0.1960267275571823,0.9805980324745178,0.0003940037568099797,0,-0.0019649427849799395,-0.000008996245924208779,0.9999979734420776,0,-0.002070999937132001,0.4775800108909607,0,1,0.913451075553894,-0.36680883169174194,0.17623288929462433,0,0.36629319190979004,0.9297769069671631,0.03665310516953468,0,-0.17730207741260529,0.031072106212377548,0.983665943145752,0,0,1.0201549530029297,0,1,0.9963300824165344,0.08555977046489716,-0.0022840439341962337,0,-0.08468624204397202,0.9893239736557007,0.11859878152608871,0,0.012406956404447556,-0.11797022819519043,0.9929400086402893,0,-0.07540299743413925,0.5894140005111694,0,1,0.9985100030899048,-0.054114699363708496,-0.006976010277867317,0,0.05411829799413681,0.9985340237617493,0.00032897977507673204,0,0.006947988644242287,-0.0007060202187858522,0.9999759793281555,0,0.0557279996573925,0.5480239987373352,0,1,-0.9194940328598022,-0.24286006391048431,0.30911198258399963,0,0.32278695702552795,-0.9152519702911377,0.24108588695526123,0,0.22436504065990448,0.32145410776138306,0.9199600219726562,0,1.022987961769104,-0.6898429989814758,-0.1812169998884201,1,0.9989799857139587,-0.03914891555905342,0.022523026913404465,0,0.04410608112812042,0.7382169961929321,-0.6731199622154236,0,0.009725025855004787,0.6734260320663452,0.739189863204956,0,0,5.231299877166748,0,1,0.9800780415534973,-0.13519960641860962,0.14549505710601807,0,-0.10437660664319992,0.2726336419582367,0.9564391374588013,0,-0.16897697746753693,-0.9525708556175232,0.2530904710292816,0,0,4.76700496673584,0,1,0.9813718795776367,-0.0001654153602430597,0.19211825728416443,0,-0.10874541848897934,0.82390296459198,0.5561990737915039,0,-0.15837876498699188,-0.5667300224304199,0.8085371255874634,0,0,1.9788390398025513,0,1,-0.9799869060516357,0.19568926095962524,0.03647792339324951,0,-0.16949473321437836,-0.9164000749588013,0.36260372400283813,0,0.10438608378171921,0.34916427731513977,0.9312288761138916,0,-1.022987961769104,-0.6898429989814758,-0.09872400015592575,1,0.9992019534111023,0.03829037770628929,-0.011368789710104465,0,-0.03880562633275986,0.8631848692893982,-0.5033942461013794,0,-0.009461789391934872,0.5034338235855103,0.8639821410179138,0,0,5.234388828277588,0,1,0.9901520609855652,0.1382976472377777,0.021726904436945915,0,-0.08527734130620956,0.47276192903518677,0.87705397605896,0,0.11102290451526642,-0.8702699542045593,0.479900062084198,0,0,4.769873142242432,0,1,0.9826429486274719,-0.00027573376428335905,-0.18550410866737366,0,0.10688827186822891,0.8181469440460205,0.5649870038032532,0,0.15161387622356415,-0.5750089287757874,0.8039760589599609,0,0,1.9828089475631714,0,1
K0.033,0.9913510680198669,-0.06510812044143677,0.11395074427127838,0,0.06838108599185944,0.997344970703125,-0.025049429386854172,0,-0.11201725155115128,0.03262484446167946,0.9931709170341492,0,0.05604129284620285,11.139848709106445,0.10739417374134064,1,0.9998640418052673,0.016402119770646095,0.0018996249418705702,0,-0.01627902127802372,0.9984729886054993,-0.05278206616640091,0,-0.0027624613139778376,0.052743952721357346,0.9986039996147156,0,0,1.2427419424057007,-0.1856590062379837,1,0.9998109340667725,0.017997317016124725,0.0074060228653252125,0,-0.019073881208896637,0.9817469716072083,0.18923279643058777,0,-0.003865154692903161,-0.18933814764022827,0.9819039106369019,0,0,1.4659559726715088,0,1,0.9998109340667725,0.017997317016124725,0.0074060228653252125,0,-0.019073881208896637,0.9817469716072083,0.18923279643058777,0,-0.003865154692903161,-0.18933814764022827,0.9819039106369019,0,0,1.6753770112991333,0,1,0.997829020023346,0.05875390022993088,-0.029753196984529495,0,-0.05969826504588127,0.9977059960365295,-0.03191402181982994,0,0.027809884399175644,0.03362096846103668,0.9990480542182922,0,0,1.8847999572753906,0,1,0.9950249195098877,-0.07702330499887466,-0.06318066269159317,0,0.055434491485357285,0.9550389647483826,-0.291253000497818,0,0.08277324587106705,0.2863015830516815,0.9545571208000183,0,0,0.855912983417511,0.3470599949359894,1,-0.018302587792277336,-0.06781493127346039,-0.997529923915863,0,0.9856770634651184,-0.16851162910461426,-0.0066292365081608295,0,-0.1676459014415741,-0.9833639860153198,0.0699278712272644,0,0.652642011642456,1.576030969619751,-0.03514900058507919,1,0.9903619289398193,-0.1317882537841797,-0.042595572769641876,0,0.11577153950929642,0.6188985705375671,0.7768921852111816,0,-0.0760229304432869,-0.7743359804153442,0.6281910538673401,0,0,1.451390027999878,0,1,0.5531827211380005,0.8320952653884888,-0.0400737002491951,0,-0.8323304653167725,0.5500463247299194,-0.06837086379528046,0,-0.03484870120882988,0.0711761936545372,0.9968550801277161,0,0,3.2703590393066406,0,1,0.20708011090755463,-0.36596521735191345,-0.9072970151901245,0,0.049014873802661896,0.9301158785820007,-0.36398231983184814,0,0.9770950675010681,0.030902428552508354,0.21054598689079285,0,0,2.8214590549468994,0,1,0.7039129137992859,0.7099559903144836,0.02166898548603058,0,-0.7041829228401184,0.7015300393104553,-0.10946685820817947,0,-0.09291800856590271,0.06179613992571831,0.993753969669342,0,-0.3050509989261627,0.43549299240112305,0,1,0.9922770261764526,0.12109015882015228,0.026896202936768532,0,-0.12027484178543091,0.9922839999198914,-0.030110737308859825,0,-0.030334796756505966,0.026643261313438416,0.9991849660873413,0,-0.06800000369548798,0.4198940098285675,0,1,0.9850000739097595,0.17243564128875732,0.006441109348088503,0,-0.1724323332309723,0.9850209355354309,-0.0010627986630424857,0,-0.006527890916913748,-0.00006379878323059529,0.9999790191650391,0,-0.004792999941855669,0.4857949912548065,0,1,0.9102250933647156,0.3329468071460724,-0.24624469876289368,0,-0.34944820404052734,0.9366138577461243,-0.025315992534160614,0,0.22220727801322937,0.10909300297498703,0.9688769578933716,0,0,0.9967560172080994,0,1,0.99344402551651,-0.11426203697919846,0.0035753720439970493,0,0.11389495432376862,0.9919719696044922,0.0549522265791893,0,-0.009825627319514751,-0.05418477579951286,0.9984830617904663,0,0.060189999639987946,0.5512700080871582,0,1,0.9998880624771118,-0.014909063465893269,-0.001449351548217237,0,0.014908935874700546,0.9998889565467834,-0.00009780962864169851,0,0.001450648414902389,0.00007619035750394687,0.999998927116394,0,-0.026318000629544258,0.4993000030517578,0,1,0.02274608425796032,-0.16498497128486633,0.9860340356826782,0,-0.8987929821014404,-0.43526798486709595,-0.052096180617809296,0,0.4377839267253876,-0.8850551247596741,-0.15818797051906586,0,-0.652642011642456,1.5792399644851685,-0.05662799999117851,1,0.9938250184059143,0.10583328455686569,0.033348508179187775,0,-0.10997865349054337,0.8995292782783508,0.42278945446014404,0,0.014747240580618382,-0.42384642362594604,0.9056142568588257,0,0,1.451390027999878,0,1,0.5630054473876953,-0.8257442116737366,0.03423377126455307,0,0.826104462146759,0.5610812306404114,-0.05233790725469589,0,0.02400978095829487,0.05774715542793274,0.9980419874191284,0,0,3.2765069007873535,0,1,0.4188186824321747,0.07403866946697235,0.905046820640564,0,0.27651655673980713,0.9389391541481018,-0.20477187633514404,0,-0.8649449348449707,0.3360227346420288,0.37277233600616455,0,0,2.8292040824890137,0,1,0.6723061800003052,-0.7288948893547058,0.1292935311794281,0,0.7327530980110168,0.6800799369812012,0.023762697353959084,0,-0.10525044798851013,0.0787644311785698,0.9913219809532166,0,0.32116401195526123,0.5079699754714966,0,1,0.9884030222892761,-0.1500367820262909,-0.023424465209245682,0,0.14941222965717316,0.9884210228919983,-0.02646893821656704,0,0.02712453156709671,0.02266206219792366,0.9993749856948853,0,0.08328499644994736,0.4735170006752014,0,1,0.9805968999862671,-0.19602727890014648,0.001925057265907526,0,0.1960267275571823,0.9805980324745178,0.0003940037568099797,0,-0.0019649427849799395,-0.000008996245924208779,0.9999979734420776,0,-0.002070999937132001,0.4775800108909607,0,1,0.9134511351585388,-0.36680880188941956,0.17623190581798553,0,0.3662932217121124,0.9297769069671631,0.03665291890501976,0,-0.1773010790348053,0.031071919947862625,0.983665943145752,0,0,1.0201549530029297,0,1,0.9963300228118896,0.08556026220321655,-0.0022840145975351334,0,-0.08468674123287201,0.9893240332603455,0.11859878152608871,0,0.012406985275447369,-0.11797021329402924,0.9929400086402893,0,-0.07540299743413925,0.5894140005111694,0,1,0.99850994348526,-0.05411519855260849,-0.006976010277867317,0,0.0541188009083271,0.9985340237617493,0.0003289780579507351,0,0.006947988644242287,-0.0007060219650156796,0.9999759793281555,0,0.0557279996573925,0.5480239987373352,0,1,-0.916452944278717,-0.25535520911216736,0.3080720603466034,0,0.3374911844730377,-0.9068987965583801,0.25225740671157837,0,0.21497483551502228,0.3351535201072693,0.9173098206520081,0,1.022987961769104,-0.6898429989814758,-0.1812169998884201,1,0.9989060163497925,-0.0402352511882782,0.023811165243387222,0,0.045330796390771866,0.708834171295166,-0.7039169669151306,0,0.01144411787390709,0.7042268514633179,0.7098831534385681,0,0,5.231299877166748,0,1,0.9801251292228699,-0.14005887508392334,0.14049439132213593,0,-0.0992908850312233,0.26677820086479187,0.9586300849914551,0,-0.1717454195022583,-0.9535267949104309,0.24756935238838196,0,0,4.76700496673584,0,1,0.9812480807304382,-0.001592629705555737,0.19274374842643738,0,-0.10931279510259628,0.8190083503723145,0.563273012638092,0,-0.15875570476055145,-0.5737794637680054,0.8034756779670715,0,0,1.9788390398025513,0,1,-0.9754670262336731,0.19569428265094757,0.10083369165658951,0,-0.14805372059345245,-0.9221452474594116,0.35739076137542725,0,0.1629226952791214,0.333694189786911,0.9284957647323608,0,-1.022987961769104,-0.6898429989814758,-0.09872400015592575,1,0.9992139339447021,0.036969248205423355,-0.014271057210862637,0,-0.039108749479055405,0.8618388175964355,-0.5056722164154053,0,-0.0063949753530323505,0.5058332085609436,0.8626078367233276,0,0,5.234388828277588,0,1,0.9867708683013916,0.15999020636081696,-0.026202648878097534,0,-0.05217280611395836,0.4664057791233063,0.8830311298370361,0,0.1534973531961441,-0.869982123374939,0.4685826599597931,0,0,4.769873142242432,0,1,0.9823139905929565,0.003343953052535653,-0.1872088462114334,0,0.10843491554260254,0.8049478530883789,0.5833530426025391,0,0.15264420211315155,-0.5933364033699036,0.7903496623039246,0,0,1.9828089475631714,0,1
K0.067,0.9905700087547302,-0.07409273833036423,0.11524413526058197,0,0.07889707386493683,0.9961699843406677,-0.037694890052080154,0,-0.11200985312461853,0.04643186554312706,0.9926220774650574,0,0.1809658408164978,11.060090065002441,0.12428584694862366,1,0.9997140169143677,0.023202868178486824,0.005873003043234348,0,-0.022852007299661636,0.9982770085334778,-0.05404684320092201,0,-0.007116919849067926,0.053897131234407425,0.9985209703445435,0,0,1.2427419424057007,-0.1856590062379837,1,0.9994969964027405,0.026846852153539658,0.016879037022590637,0,-0.0295269638299942,0.9820069074630737,0.1865222156047821,0,-0.011567802168428898,-0.18692685663700104,0.9823061227798462,0,0,1.4659559726715088,0,1,0.9994969964027405,0.026846852153539658,0.016879037022590637,0,-0.0295269638299942,0.9820069074630737,0.1865222156047821,0,-0.011567802168428898,-0.18692685663700104,0.9823061227798462,0,0,1.6753770112991333,0,1,0.9972079992294312,0.06661354750394821,-0.03375081345438957,0,-0.06767430156469345,0.9972159266471863,-0.03132571652531624,0,0.031570110470056534,0.03352229297161102,0.9989389777183533,0,0,1.8847999572753906,0,1,0.987328052520752,-0.12137079983949661,-0.10223934054374695,0,0.08916348218917847,0.957219123840332,-0.27528390288352966,0,0.13127684593200684,0.26267942786216736,0.9559109210968018,0,0,0.855912983417511,0.3470599949359894,1,-0.03785540163516998,-0.0661049485206604,-0.9970939755439758,0,0.987369954586029,-0.1560923308134079,-0.027137694880366325,0,-0.15384481847286224,-0.9855280518531799,0.07117900997400284,0,0.652642011642456,1.576030969619751,-0.03514900058507919,1,0.9836321473121643,-0.15413881838321686,-0.09332365542650223,0,0.1678905189037323,0.595935046672821,0.7852860689163208,0,-0.065428227186203,-0.7881007790565491,0.6120592951774597,0,0,1.451390027999878,0,1,0.503094494342804,0.8631007075309753,-0.04418378695845604,0,-0.8633468151092529,0.49961036443710327,-0.07086246460676193,0,-0.03908678889274597,0.07379648089408875,0.9965069890022278,0,0,3.2703590393066406,0,1,0.20578902959823608,-0.35860010981559753,-0.9105259776115417,0,0.05904887616634369,0.9332951307296753,-0.35422179102897644,0,0.9768131375312805,0.019129423424601555,0.2132367491722107,0,0,2.8214590549468994,0,1,0.703913152217865,0.7099558115005493,0.021668778732419014,0,-0.7041822075843811,0.7015297412872314,-0.10946729779243469,0,-0.09291821718215942,0.06179668381810188,0.9937540292739868,0,-0.3050509989261627,0.43549299240112305,0,1,0.9922771453857422,0.12109067291021347,0.026896167546510696,0,-0.12027532607316971,0.9922839403152466,-0.030111243948340416,0,-0.030334830284118652,0.02664375491440296,0.9991849660873413,0,-0.06800000369548798,0.4198940098285675,0,1,0.9850000739097595,0.17243564128875732,0.006441109348088503,0,-0.1724323332309723,0.9850209355354309,-0.0010627986630424857,0,-0.006527890916913748,-0.00006379878323059529,0.9999790191650391,0,-0.004792999941855669,0.4857949912548065,0,1,0.9102250933647156,0.3329468071460724,-0.24624469876289368,0,-0.34944820404052734,0.9366138577461243,-0.025315992534160614,0,0.22220727801322937,0.10909300297498703,0.9688769578933716,0,0,0.9967560172080994,0,1,0.99344402551651,-0.11426203697919846,0.0035753720439970493,0,0.11389495432376862,0.9919719696044922,0.0549522265791893,0,-0.009825627319514751,-0.05418477579951286,0.9984830617904663,0,0.060189999639987946,0.5512700080871582,0,1,0.9998880624771118,-0.014909063465893269,-0.0014488515444099903,0,0.014908935874700546,0.9998889565467834,-0.00009780590335140005,0,0.0014501484110951424,0.00007619409007020295,0.999998927116394,0,-0.026318000629544258,0.4993000030517578,0,1,0.01751023530960083,-0.16530565917491913,0.9860870838165283,0,-0.8973341584205627,-0.43759968876838684,-0.05742406100034714,0,0.4410038888454437,-0.8838441371917725,-0.15599696338176727,0,-0.652642011642456,1.5792399644851685,-0.05662799999117851,1,0.9941089749336243,0.0998070240020752,0.04226575791835785,0,-0.10836804658174515,0.9226118922233582,0.370193213224411,0,-0.0020470034796744585,-0.3725926876068115,0.9279927015304565,0,0,1.451390027999878,0,1,0.4963388741016388,-0.8672734498977661,0.0385323129594326,0,0.8676588535308838,0.49412116408348083,-0.05487998202443123,0,0.02855631336569786,0.06067196652293205,0.9977489709854126,0,0,3.2765069007873535,0,1,0.47400060296058655,0.05629199370741844,0.8787232041358948,0,0.2475580871105194,0.949181854724884,-0.19434334337711334,0,-0.8450083136558533,0.30965399742126465,0.43597733974456787,0,0,2.8292040824890137,0,1,0.6791350245475769,-0.7267689108848572,0.10287410765886307,0,0.7220431566238403,0.6866739392280579,0.08445741981267929,0,-0.13202188909053802,0.016921542584896088,0.9911019802093506,0,0.32116401195526123,0.5079699754714966,0,1,0.9884030818939209,-0.15003681182861328,-0.023424968123435974,0,0.14941222965717316,0.9884210228919983,-0.026468977332115173,0,0.027125030755996704,0.022662024945020676,0.9993749856948853,0,0.08328499644994736,0.4735170006752014,0,1,0.9805968999862671,-0.19602727890014648,0.0019255572697147727,0,0.1960267275571823,0.9805980324745178,0.0003940532333217561,0,-0.0019654426723718643,-0.00000894675849849591,0.9999979734420776,0,-0.002070999937132001,0.4775800108909607,0,1,0.9134508371353149,-0.3668082058429718,0.17623235285282135,0,0.3662927746772766,0.9297770857810974,0.03665297478437424,0,-0.17730161547660828,0.03107197768986225,0.9836660623550415,0,0,1.0201549530029297,0,1,0.9963300228118896,0.08556026220321655,-0.002284035785123706,0,-0.08468673378229141,0.9893239736557007,0.11859827488660812,0,0.012406964786350727,-0.11796972900629044,0.9929400682449341,0,-0.07540299743413925,0.5894140005111694,0,1,0.9985100030899048,-0.054114699363708496,-0.006976010277867317,0,0.05411829799413681,0.9985340237617493,0.00032897977507673204,0,0.006947988644242287,-0.0007060202187858522,0.9999759793281555,0,0.0557279996573925,0.5480239987373352,0,1,-0.911424994468689,-0.26819998025894165,0.3120448589324951,0,0.3609987199306488,-0.8851271271705627,0.29365074634552,0,0.19744230806827545,0.3802885115146637,0.9035471677780151,0,1.022987961769104,-0.6898429989814758,-0.1812169998884201,1,0.9987379908561707,-0.04038095846772194,0.029857059940695763,0,0.04851400852203369,0.6221297383308411,-0.7814093828201294,0,0.012979102320969105,0.7818721532821655,0.623304009437561,0,0,5.231299877166748,0,1,0.9794740080833435,-0.17804084718227386,0.09450626373291016,0,-0.03995174169540405,0.28807684779167175,0.956774115562439,0,-0.19756993651390076,-0.9409111142158508,0.27505072951316833,0,0,4.76700496673584,0,1,0.985287070274353,0.007803881075233221,0.17073005437850952,0,-0.11535398662090302,0.7674623727798462,0.630630612373352,0,-0.12610746920108795,-0.6410462260246277,0.7570705413818359,0,0,1.9788390398025513,0,1,-0.9638211131095886,0.20627304911613464,0.16882219910621643,0,-0.13559095561504364,-0.9247000217437744,0.35573095083236694,0,0.2294875681400299,0.31997019052505493,0.9192140698432922,0,-1.022987961769104,-0.6898429989814758,-0.09872400015592575,1,0.9991750121116638,0.03596425801515579,-0.01884186640381813,0,-0.04047774150967598,0.8462371230125427,-0.5312669277191162,0,-0.0031619372311979532,0.5315915942192078,0.8469951748847961,0,0,5.234388828277588,0,1,0.9786961078643799,0.19255657494068146,-0.07125072926282883,0,-0.022555377334356308,0.44576403498649597,0.894866943359375,0,0.20407336950302124,-0.8741949200630188,0.4406103491783142,0,0,4.769873142242432,0,1,0.9818929433822632,0.00801979098469019,-0.18926508724689484,0,0.11044581979513168,0.7874880433082581,0.6063530445098877,0,0.15390686690807343,-0.6162775158882141,0.7723433971405029,0,0,1.9828089475631714,0,1
K0.100,0.9852269291877747,-0.07358691096305847,0.1546342670917511,0,0.08374214172363281,0.9946669936180115,-0.060210078954696655,0,-0.1493789255619049,0.0722699984908104,0.9861350059509277,0,0.3636191487312317,10.915358543395996,0.1791321337223053,1,0.9996039271354675,0.026369964703917503,0.009864027611911297,0,-0.025771023705601692,0.9980649948120117,-0.056581322103738785,0,-0.011336985044181347,0.0563046894967556,0.9983490109443665,0,0,1.2427419424057007,-0.1856590062379837,1,0.9992539882659912,0.029674503952264786,0.02470107190310955,0,-0.033670470118522644,0.9828370809555054,0.1813746988773346,0,-0.018894940614700317,-0.1820712387561798,0.9831039309501648,0,0,1.4659559726715088,0,1,0.9992539882659912,0.029674503952264786,0.02470107190310955,0,-0.033670470118522644,0.9828370809555054,0.1813746988773346,0,-0.018894940614700317,-0.1820712387561798,0.9831039309501648,0,0,1.6753770112991333,0,1,0.9958080053329468,0.08485016226768494,-0.03415096923708916,0,-0.08597584813833237,0.9957520365715027,-0.03296301141381264,0,0.031208982691168785,0.035760991275310516,0.9988729357719421,0,0,1.8847999572753906,0,1,0.9787639379501343,-0.1513640433549881,-0.13823996484279633,0,0.11381687223911285,0.9621430039405823,-0.2476419359445572,0,0.17049075663089752,0.22664904594421387,0.9589390754699707,0,0,0.855912983417511,0.3470599949359894,1,-0.06624405086040497,-0.06491262465715408,-0.9956900477409363,0,0.9915580749511719,-0.1157558411359787,-0.05842258781194687,0,-0.1114644855260849,-0.991154134273529,0.07203271239995956,0,0.652642011642456,1.576030969619751,-0.03514900058507919,1,0.9663189649581909,-0.20609009265899658,-0.15412746369838715,0,0.24615101516246796,0.565433919429779,0.7872059345245361,0,-0.07508647441864014,-0.798630952835083,0.5971189737319946,0,0,1.451390027999878,0,1,0.45020192861557007,0.8916090726852417,-0.04848971590399742,0,-0.8918600082397461,0.44634702801704407,-0.07321252673864365,0,-0.04363371804356575,0.07620647549629211,0.9961370229721069,0,0,3.2703590393066406,0,1,0.2526431083679199,-0.38068076968193054,-0.8895240426063538,0,0.08466529846191406,0.9245200753211975,-0.37161093950271606,0,0.9638479351997375,0.01857311651110649,0.2658040523529053,0,0,2.8214590549468994,0,1,0.7039129734039307,0.7099559903144836,0.02166827768087387,0,-0.7041829228401184,0.7015299797058105,-0.10946714133024216,0,-0.09291771799325943,0.061796847730875015,0.9937540292739868,0,-0.3050509989261627,0.43549299240112305,0,1,0.9922770261764526,0.12109016627073288,0.026896171271800995,0,-0.12027483433485031,0.9922839999198914,-0.03011123649775982,0,-0.030334824696183205,0.02664376236498356,0.9991849660873413,0,-0.06800000369548798,0.4198940098285675,0,1,0.98499995470047,0.17243511974811554,0.006441108882427216,0,-0.1724318563938141,0.9850209951400757,-0.001062797149643302,0,-0.006527891382575035,-0.00006379718979587778,0.9999790191650391,0,-0.004792999941855669,0.4857949912548065,0,1,0.9102250933647156,0.3329468071460724,-0.24624469876289368,0,-0.34944820404052734,0.9366138577461243,-0.025315992534160614,0,0.22220727801322937,0.10909300297498703,0.9688769578933716,0,0,0.9967560172080994,0,1,0.99344402551651,-0.11426202207803726,0.0035749010276049376,0,0.11389496922492981,0.991972029209137,0.05495170131325722,0,-0.00982509832829237,-0.05418429896235466,0.9984829425811768,0,0.060189999639987946,0.5512700080871582,0,1,0.9998880624771118,-0.014909063465893269,-0.0014488515444099903,0,0.014908935874700546,0.9998889565467834,-0.00009780590335140005,0,0.0014501484110951424,0.00007619409007020295,0.999998927116394,0,-0.026318000629544258,0.4993000030517578,0,1,0.023772351443767548,-0.16492615640163422,0.9860190153121948,0,-0.8962557911872864,-0.440471351146698,-0.05206713080406189,0,0.44290071725845337,-0.8824881315231323,-0.15828712284564972,0,-0.652642011642456,1.5792399644851685,-0.05662799999117851,1,0.9962500333786011,0.08055779337882996,0.0315520316362381,0,-0.08625298738479614,0.9532520174980164,0.2896061837673187,0,-0.006747005507349968,-0.29124173521995544,0.9566260576248169,0,0,1.451390027999878,0,1,0.3900369107723236,-0.9196829795837402,0.04532042145729065,0,0.92010098695755,0.3873520791530609,-0.05808020010590553,0,0.035860415548086166,0.06435278803110123,0.9972829222679138,0,0,3.2765069007873535,0,1,0.4824083149433136,0.07777811586856842,0.8724868297576904,0,0.2558450698852539,0.9401060342788696,-0.22526583075523376,0,-0.8377501964569092,0.3318912982940674,0.43361547589302063,0,0,2.8292040824890137,0,1,0.6904139518737793,-0.7167410850524902,0.09803211688995361,0,0.7086249589920044,0.6973221302032471,0.10766766220331192,0,-0.1455298662185669,-0.004867254290729761,0.9893420338630676,0,0.32116401195526123,0.5079699754714966,0,1,0.9884029626846313,-0.1500362604856491,-0.02342400886118412,0,0.14941175282001495,0.9884210824966431,-0.026468396186828613,0,0.027123989537358284,0.022661607712507248,0.9993749856948853,0,0.08328499644994736,0.4735170006752014,0,1,0.9805968999862671,-0.19602727890014648,0.001925057265907526,0,0.1960267275571823,0.9805980324745178,0.0003940037568099797,0,-0.0019649427849799395,-0.000008996245924208779,0.9999979734420776,0,-0.002070999937132001,0.4775800108909607,0,1,0.9134510159492493,-0.36680883169174194,0.17623239755630493,0,0.3662932217121124,0.9297769069671631,0.03665301576256752,0,-0.17730160057544708,0.031072016805410385,0.9836660623550415,0,0,1.0201549530029297,0,1,0.9963300228118896,0.08556026220321655,-0.002284035785123706,0,-0.08468673378229141,0.9893239736557007,0.11859827488660812,0,0.012406964786350727,-0.11796972900629044,0.9929400682449341,0,-0.07540299743413925,0.5894140005111694,0,1,0.99850994348526,-0.05411519855260849,-0.006976510398089886,0,0.0541188009083271,0.9985340237617493,0.0003289645246695727,0,0.006948488764464855,-0.0007060355274006724,0.9999759793281555,0,0.0557279996573925,0.5480239987373352,0,1,-0.8931388854980469,-0.29916125535964966,0.3358633518218994,0,0.4058459997177124,-0.8579140305519104,0.3150751292705536,0,0.19388370215892792,0.4177148640155792,0.887650191783905,0,1.022987961769104,-0.6898429989814758,-0.1812169998884201,1,0.9984409809112549,-0.04225868359208107,0.03646424412727356,0,0.05250433087348938,0.4893898367881775,-0.8704830408096313,0,0.01894024945795536,0.8710410594940186,0.4908459484577179,0,0,5.231299877166748,0,1,0.969231128692627,-0.22326882183551788,0.10364874452352524,0,-0.03157100826501846,0.3048412501811981,0.9518798589706421,0,-0.24412129819393158,-0.9258630275726318,0.28841254115104675,0,0,4.76700496673584,0,1,0.9823920130729675,-0.003203235100954771,0.18680508434772491,0,-0.11367423087358475,0.7832441926002502,0.6112337708473206,0,-0.14827194809913635,-0.6217061877250671,0.7690888047218323,0,0,1.9788390398025513,0,1,-0.9534370303153992,0.22472798824310303,0.20113691687583923,0,-0.13867196440696716,-0.9188931584358215,0.36933067440986633,0,0.2678222060203552,0.32424136996269226,0.9072698354721069,0,-1.022987961769104,-0.6898429989814758,-0.09872400015592575,1,0.9990839958190918,0.035685665905475616,-0.023600982502102852,0,-0.042748335748910904,0.8100919127464294,-0.584743082523346,0,-0.00174797757063061,0.5852159857749939,0.8108749985694885,0,0,5.234388828277588,0,1,0.9759241938591003,0.21351149678230286,-0.044564973562955856,0,-0.04840356856584549,0.41123414039611816,0.9102439284324646,0,0.21267397701740265,-0.8861711025238037,0.41166767477989197,0,0,4.769873142242432,0,1,0.9815999269485474,0.011311228387057781,-0.1906152069568634,0,0.11186723411083221,0.774935781955719,0.6220613121986389,0,0.1547507643699646,-0.6319386959075928,0.7594112157821655,0,0,1.9828089475631714,0,1
