1.433,30,43,41
B0,mixamorig_Hips,-1,0.9926069974899292,-0.05293300002813339,0.10922200232744217,0,0.05546800047159195,0.9982540011405945,-0.020305000245571136,0,-0.10795699805021286,0.02621299959719181,0.9938099980354309,0,0.004056000150740147,11.167327880859375,0.0915519967675209,1
B1,mixamorig_Spine,0,0.999925971031189,0.012095999903976917,0.0009599999757483602,0,-0.01203100010752678,0.9986169934272766,-0.05117899924516678,0,-0.0015770000172778964,0.05116400122642517,0.9986889958381653,0,0,1.2427419424057007,-0.1856590062379837,1
B2,mixamorig_Spine1,1,0.9999179840087891,0.012028000317513943,0.004461999982595444,0,-0.012662000022828579,0.9812160134315491,0.19249799847602844,0,-0.0020630001090466976,-0.1925390064716339,0.9812870025634766,0,0,1.4659559726715088,0,1
B3,mixamorig_Spine2,2,0.9999179840087891,0.012028000317513943,0.004463000223040581,0,-0.012662000022828579,0.9812160134315491,0.19249799847602844,0,-0.0020630001090466976,-0.1925390064716339,0.9812870025634766,0,0,1.6753770112991333,0,1
B4,mixamorig_Neck,3,0.9979079961776733,0.05796699970960617,-0.028620999306440353,0,-0.05891599878668785,0.9977009892463684,-0.03349599987268448,0,0.02661300078034401,0.03511299937963486,0.9990289807319641,0,0,1.8847999572753906,0,1
B5,mixamorig_Head,4,0.996703028678894,-0.06164899840950966,-0.0527460016310215,0,0.04295700043439865,0.9524869918823242,-0.3015350103378296,0,0.0688289999961853,0.2982749938964844,0.9519950151443481,0,0,0.855912983417511,0.3470599949359894,1
B6,mixamorig_HeadTop_End,5,1,0,0,0,0,1,0,0,0,0,1,0,0,2.8392999172210693,1.1512919664382935,1
B7,mixamorig_LeftShoulder,3,-0.012292999774217606,-0.06835699826478958,-0.9975849986076355,0,0.984154999256134,-0.17730900645256042,0.000022000000171829015,0,-0.17688199877738953,-0.9817780256271362,0.06945300102233887,0,0.652642011642456,1.576030969619751,-0.03514900058507919,1
B8,mixamorig_LeftArm,7,0.9921339750289917,-0.12279900163412094,-0.024315999820828438,0,0.09714200347661972,0.6327130198478699,0.7682690024375916,0,-0.07895799726247787,-0.7645879983901978,0.6396650075912476,0,0,1.451390027999878,0,1
B9,mixamorig_LeftForeArm,8,0.5604130029678345,0.8272709846496582,-0.039489999413490295,0,-0.8275049924850464,0.5573260188102722,-0.06798700243234634,0,-0.03423500061035156,0.07077900320291519,0.9969040155410767,0,0,3.2703590393066406,0,1
B10,mixamorig_LeftHand,9,0.20919600129127502,-0.3686479926109314,-0.9057239890098572,0,0.04100299999117851,0.9287099838256836,-0.3685329854488373,0,0.9770140051841736,0.03995800018310547,0.20939800143241882,0,0,2.8214590549468994,0,1
B11,mixamorig_LeftHandThumb1,10,0.7039129734039307,0.7099559903144836,0.021669000387191772,0,-0.7041829824447632,0.7015299797058105,-0.10946699976921082,0,-0.09291800111532211,0.06179700046777725,0.9937540292739868,0,-0.3050509989261627,0.43549299240112305,0,1
B12,mixamorig_LeftHandThumb2,11,0.9922770261764526,0.12109000235795975,0.026895999908447266,0,-0.12027499824762344,0.9922839999198914,-0.030110999941825867,0,-0.030334999784827232,0.02664400078356266,0.9991850256919861,0,-0.06800000369548798,0.4198940098285675,0,1
B13,mixamorig_LeftHandThumb3,12,0.9850000143051147,0.17243599891662598,0.0064409999176859856,0,-0.17243200540542603,0.9850209951400757,-0.0010629999451339245,0,-0.006527999881654978,-0.00006399999983841553,0.9999790191650391,0,-0.004792999941855669,0.4857949912548065,0,1
B14,mixamorig_LeftHandThumb4,13,1,0,0,0,0,1,0,0,0,0,1,0,0.07279200106859207,0.44150298833847046,0,1
B15,mixamorig_LeftHandIndex1,10,0.910224974155426,0.3329469859600067,-0.24624499678611755,0,-0.34944799542427063,0.9366139769554138,-0.02531599998474121,0,0.2222069948911667,0.10909300297498703,0.9688770174980164,0,0,0.9967560172080994,0,1
B16,mixamorig_LeftHandIndex2,15,0.99344402551651,-0.11426199972629547,0.0035749999806284904,0,0.1138949990272522,0.991972029209137,0.054951999336481094,0,-0.00982499960809946,-0.05418499931693077,0.9984830021858215,0,0.060189999639987946,0.5512700080871582,0,1
B17,mixamorig_LeftHandIndex3,16,0.999888002872467,-0.014909000135958195,-0.0014489999739453197,0,0.014909000135958195,0.9998890161514282,-0.000097999996796716,0,0.001449999981559813,0.00007599999662488699,0.9999989867210388,0,-0.026318000629544258,0.4993000030517578,0,1
B18,mixamorig_LeftHandIndex4,17,1,0,0,0,0,1,0,0,0,0,1,0,-0.033872999250888824,0.5011600255966187,0,1
B19,mixamorig_RightShoulder,3,0.024538999423384666,-0.16487500071525574,0.9860090017318726,0,-0.8982530236244202,-0.4365519881248474,-0.05064300075173378,0,0.43879398703575134,-0.8844429850578308,-0.1588120013475418,0,-0.652642011642456,1.5792399644851685,-0.05662799999117851,1
B20,mixamorig_RightArm,19,0.9935500025749207,0.11045899987220764,0.025620000436902046,0,-0.11062099784612656,0.8945879936218262,0.43298399448394775,0,0.024908000603318214,-0.4330250024795532,0.9010379910469055,0,0,1.451390027999878,0,1
B21,mixamorig_RightForeArm,20,0.5717960000038147,-0.8197050094604492,0.03366599977016449,0,0.8200610280036926,0.5699089765548706,-0.05199500173330307,0,0.023434000089764595,0.05733900144696236,0.9980800151824951,0,0,3.2765069007873535,0,1
B22,mixamorig_RightHand,21,0.37981000542640686,0.0736590027809143,0.9221270084381104,0,0.2919979989528656,0.9363160133361816,-0.19506199657917023,0,-0.8777710199356079,0.3433459997177124,0.3341139853000641,0,0,2.8292040824890137,0,1
B23,mixamorig_RightHandThumb1,22,0.6719679832458496,-0.726514995098114,0.14364899694919586,0,0.734578013420105,0.678508996963501,-0.004639000166207552,0,-0.09409599751234055,0.10863900184631348,0.9896180033683777,0,0.32116401195526123,0.5079699754714966,0,1
B24,mixamorig_RightHandThumb2,23,0.9884030222892761,-0.1500370055437088,-0.02342499978840351,0,0.14941200613975525,0.9884210228919983,-0.026468999683856964,0,0.027124999091029167,0.022662000730633736,0.9993749856948853,0,0.08328499644994736,0.4735170006752014,0,1
B25,mixamorig_RightHandThumb3,24,0.9805970191955566,-0.1960269957780838,0.0019249999895691872,0,0.1960269957780838,0.980597972869873,0.00039400000241585076,0,-0.0019650000613182783,-0.000009000000318337698,0.9999979734420776,0,-0.002070999937132001,0.4775800108909607,0,1
B26,mixamorig_RightHandThumb4,25,1,0,0,0,0,1,0,0,0,0,1,0,-0.08121500164270401,0.3971160054206848,0,1
B27,mixamorig_RightHandIndex1,22,0.9134510159492493,-0.36680901050567627,0.17623299360275269,0,0.3662930130958557,0.9297770261764526,0.036653000861406326,0,-0.17730200290679932,0.031072000041604042,0.9836660027503967,0,0,1.0201549530029297,0,1
B28,mixamorig_RightHandIndex2,27,0.9963300228118896,0.08556000143289566,-0.002283999929204583,0,-0.08468600362539291,0.9893239736557007,0.11859899759292603,0,0.012407000176608562,-0.11796999722719193,0.9929400086402893,0,-0.07540299743413925,0.5894140005111694,0,1
B29,mixamorig_RightHandIndex3,28,0.9985100030899048,-0.05411500111222267,-0.006976000033318996,0,0.05411799997091293,0.9985340237617493,0.00032900000223889947,0,0.006947999820113182,-0.0007060000207275152,0.9999759793281555,0,0.0557279996573925,0.5480239987373352,0,1
B30,mixamorig_RightHandIndex4,29,1,0,0,0,0,1,0,0,0,0,1,0,0.019675999879837036,0.41751301288604736,0,1
B31,mixamorig_LeftUpLeg,0,-0.9194939732551575,-0.24286000430583954,0.309112012386322,0,0.32278698682785034,-0.9152519702911377,0.24108600616455078,0,0.2243649959564209,0.3214539885520935,0.9199600219726562,0,1.022987961769104,-0.6898429989814758,-0.1812169998884201,1
B32,mixamorig_LeftLeg,31,0.9989799857139587,-0.039149001240730286,0.022523000836372375,0,0.044105999171733856,0.7382169961929321,-0.6731200218200684,0,0.009724999777972698,0.6734259724617004,0.7391899824142456,0,0,5.231299877166748,0,1
B33,mixamorig_LeftFoot,32,0.9800779819488525,-0.13519999384880066,0.1454949975013733,0,-0.10437700152397156,0.27263399958610535,0.9564390182495117,0,-0.16897700726985931,-0.9525709748268127,0.2530899941921234,0,0,4.76700496673584,0,1
B34,mixamorig_LeftToeBase,33,0.9813719987869263,-0.00016500000492669642,0.19211800396442413,0,-0.10874500125646591,0.8239030241966248,0.5561990141868591,0,-0.15837900340557098,-0.5667300224304199,0.8085370063781738,0,0,1.9788390398025513,0,1
B35,mixamorig_LeftToe_End,34,1,0,0,0,0,1,0,0,0,0,1,0,0,0.7514830231666565,0,1
B36,mixamorig_RightUpLeg,0,-0.9799870252609253,0.19568899273872375,0.03647800162434578,0,-0.16949500143527985,-0.9164000153541565,0.3626039922237396,0,0.10438600182533264,0.3491640090942383,0.9312289953231812,0,-1.022987961769104,-0.6898429989814758,-0.09872400015592575,1
B37,mixamorig_RightLeg,36,0.9992020130157471,0.03829000145196915,-0.011369000189006329,0,-0.0388059988617897,0.8631849884986877,-0.5033940076828003,0,-0.009461999870836735,0.5034340023994446,0.8639820218086243,0,0,5.234388828277588,0,1
B38,mixamorig_RightFoot,37,0.9901520013809204,0.13829800486564636,0.021726999431848526,0,-0.0852769985795021,0.47276198863983154,0.87705397605896,0,0.11102300137281418,-0.8702700138092041,0.4799000024795532,0,0,4.769873142242432,0,1
B39,mixamorig_RightToeBase,38,0.9826430082321167,-0.00027600000612437725,-0.1855040043592453,0,0.10688800364732742,0.8181470036506653,0.5649870038032532,0,0.1516139954328537,-0.5750089883804321,0.8039759993553162,0,0,1.9828089475631714,0,1
B40,mixamorig_RightToe_End,39,1,0,0,0,0,1,0,0,0,0,1,0,0,0.7492420077323914,0,1
@34,0,1,2,3,4,5,7,8,9,10,11,12,13,15,16,17,19,20,21,22,23,24,25,27,28,29,31,32,33,34,36,37,38,39
K0.000,0.9926069974899292,-0.052932802587747574,0.10922224819660187,0,0.055468201637268066,0.9982539415359497,-0.020304875448346138,0,-0.10795676708221436,0.02621312625706196,0.9938100576400757,0,0.004056000150740147,11.167327880859375,0.0915519967675209,1,0.999925971031189,0.012095975689589977,0.0009596323361620307,0,-0.012031023390591145,0.9986169338226318,-0.051179151982069016,0,-0.0015773676568642259,0.05116384103894234,0.9986890554428101,0,0,1.2427419424057007,-0.1856590062379837,1,0.9999179244041443,0.012027975171804428,0.004462090320885181,0,-0.012662025168538094,0.9812160134315491,0.19249823689460754,0,-0.002062909072265029,-0.1925387978553772,0.9812870621681213,0,0,1.4659559726715088,0,1,0.9999179244041443,0.012027925811707973,0.00446259044110775,0,-0.012662073597311974,0.9812160134315491,0.19249823689460754,0,-0.0020634091924875975,-0.1925387978553772,0.9812870621681213,0,0,1.6753770112991333,0,1,0.9979079961776733,0.0579671636223793,-0.028620745986700058,0,-0.05891583487391472,0.9977009296417236,-0.0334964245557785,0,0.026613252237439156,0.035112567245960236,0.9990289211273193,0,0,1.8847999572753906,0,1,0.996703028678894,-0.06164911389350891,-0.052745867520570755,0,0.0429568849503994,0.952487051486969,-0.3015349507331848,0,0.06882911920547485,0.2982749938964844,0.9519949555397034,0,0,0.855912983417511,0.3470599949359894,1,-0.012292956002056599,-0.06835678964853287,-0.9975849986076355,0,0.9841550588607788,-0.17730848491191864,0.00002208436853834428,0,-0.1768818348646164,-0.9817779660224915,0.06945337355136871,0,0.652642011642456,1.576030969619751,-0.03514900058507919,1,0.9921339750289917,-0.12279915809631348,-0.0243158508092165,0,0.09714186191558838,0.6327129602432251,0.7682691216468811,0,-0.07895784825086594,-0.7645879983901978,0.6396650671958923,0,0,1.451390027999878,0,1,0.5604129433631897,0.8272711038589478,-0.03948994353413582,0,-0.8275049924850464,0.557326078414917,-0.06798703968524933,0,-0.034234944730997086,0.07077896595001221,0.9969040155410767,0,0,3.2703590393066406,0,1,0.20919594168663025,-0.3686477839946747,-0.9057241082191467,0,0.04100320488214493,0.9287099838256836,-0.3685329556465149,0,0.9770139455795288,0.03995801880955696,0.20939810574054718,0,0,2.8214590549468994,0,1,0.7039129137992859,0.7099560499191284,0.021668776869773865,0,-0.7041829228401184,0.7015299797058105,-0.10946734994649887,0,-0.09291821718215942,0.0617966428399086,0.9937540292739868,0,-0.3050509989261627,0.43549299240112305,0,1,0.9922770261764526,0.12109016627073288,0.026896171271800995,0,-0.12027483433485031,0.9922839999198914,-0.03011123649775982,0,-0.030334824696183205,0.02664376236498356,0.9991849660873413,0,-0.06800000369548798,0.4198940098285675,0,1,0.9850000739097595,0.17243564128875732,0.006441109348088503,0,-0.1724323332309723,0.9850209355354309,-0.0010627986630424857,0,-0.006527890916913748,-0.00006379878323059529,0.9999790191650391,0,-0.004792999941855669,0.4857949912548065,0,1,0.9102250933647156,0.3329468071460724,-0.24624469876289368,0,-0.34944820404052734,0.9366138577461243,-0.025315992534160614,0,0.22220727801322937,0.10909300297498703,0.9688769578933716,0,0,0.9967560172080994,0,1,0.99344402551651,-0.11426202207803726,0.0035748726222664118,0,0.11389496922492981,0.9919719696044922,0.05495220050215721,0,-0.009825128130614758,-0.05418480187654495,0.9984830617904663,0,0.060189999639987946,0.5512700080871582,0,1,0.9998880624771118,-0.014909063465893269,-0.0014488515444099903,0,0.014908935874700546,0.9998889565467834,-0.00009780590335140005,0,0.0014501484110951424,0.00007619409007020295,0.999998927116394,0,-0.026318000629544258,0.4993000030517578,0,1,0.02453896589577198,-0.1648750752210617,0.986008882522583,0,-0.8982530236244202,-0.43655192852020264,-0.0506429523229599,0,0.43879395723342896,-0.8844428658485413,-0.1588120013475418,0,-0.652642011642456,1.5792399644851685,-0.05662799999117851,1,0.9935500621795654,0.1104586124420166,0.025619706138968468,0,-0.110621377825737,0.8945881128311157,0.4329836666584015,0,0.024907706305384636,-0.4330253303050995,0.9010378122329712,0,0,1.451390027999878,0,1,0.5717960596084595,-0.8197050094604492,0.03366607800126076,0,0.8200609683990479,0.5699089169502258,-0.051995132118463516,0,0.023434080183506012,0.05733886733651161,0.9980800747871399,0,0,3.2765069007873535,0,1,0.3798099160194397,0.07365906983613968,0.9221270084381104,0,0.2919980585575104,0.9363159537315369,-0.19506198167800903,0,-0.8777709603309631,0.3433460295200348,0.3341140151023865,0,0,2.8292040824890137,0,1,0.6719681620597839,-0.7265148758888245,0.1436486840248108,0,0.7345782518386841,0.6785088181495667,-0.004639352206140757,0,-0.09409631788730621,0.10863865166902542,0.9896180033683777,0,0.32116401195526123,0.5079699754714966,0,1,0.9884030818939209,-0.15003681182861328,-0.023424968123435974,0,0.14941222965717316,0.9884210228919983,-0.026468977332115173,0,0.027125030755996704,0.022662024945020676,0.9993749856948853,0,0.08328499644994736,0.4735170006752014,0,1,0.9805968999862671,-0.19602727890014648,0.001925057265907526,0,0.1960267275571823,0.9805980324745178,0.0003940037568099797,0,-0.0019649427849799395,-0.000008996245924208779,0.9999979734420776,0,-0.002070999937132001,0.4775800108909607,0,1,0.913451075553894,-0.36680883169174194,0.17623288929462433,0,0.36629319190979004,0.9297769069671631,0.03665310516953468,0,-0.17730207741260529,0.031072106212377548,0.983665943145752,0,0,1.0201549530029297,0,1,0.9963300824165344,0.08555977046489716,-0.0022840439341962337,0,-0.08468624204397202,0.9893239736557007,0.11859878152608871,0,0.012406956404447556,-0.11797022819519043,0.9929400086402893,0,-0.07540299743413925,0.5894140005111694,0,1,0.9985100030899048,-0.054114699363708496,-0.006976010277867317,0,0.05411829799413681,0.9985340237617493,0.00032897977507673204,0,0.006947988644242287,-0.0007060202187858522,0.9999759793281555,0,0.0557279996573925,0.5480239987373352,0,1,-0.9194940328598022,-0.24286006391048431,0.30911198258399963,0,0.32278695702552795,-0.9152519702911377,0.24108588695526123,0,0.22436504065990448,0.32145410776138306,0.9199600219726562,0,1.022987961769104,-0.6898429989814758,-0.1812169998884201,1,0.9989799857139587,-0.03914891555905342,0.022523026913404465,0,0.04410608112812042,0.7382169961929321,-0.6731199622154236,0,0.009725025855004787,0.6734260320663452,0.739189863204956,0,0,5.231299877166748,0,1,0.9800780415534973,-0.13519960641860962,0.14549505710601807,0,-0.10437660664319992,0.2726336419582367,0.9564391374588013,0,-0.16897697746753693,-0.9525708556175232,0.2530904710292816,0,0,4.76700496673584,0,1,0.9813718795776367,-0.0001654153602430597,0.19211825728416443,0,-0.10874541848897934,0.82390296459198,0.5561990737915039,0,-0.15837876498699188,-0.5667300224304199,0.8085371255874634,0,0,1.9788390398025513,0,1,-0.9799869060516357,0.19568926095962524,0.03647792339324951,0,-0.16949473321437836,-0.9164000749588013,0.36260372400283813,0,0.10438608378171921,0.34916427731513977,0.9312288761138916,0,-1.022987961769104,-0.6898429989814758,-0.09872400015592575,1,0.9992019534111023,0.03829037770628929,-0.011368789710104465,0,-0.03880562633275986,0.8631848692893982,-0.5033942461013794,0,-0.009461789391934872,0.5034338235855103,0.8639821410179138,0,0,5.234388828277588,0,1,0.9901520609855652,0.1382976472377777,0.021726904436945915,0,-0.08527734130620956,0.47276192903518677,0.87705397605896,0,0.11102290451526642,-0.8702699542045593,0.479900062084198,0,0,4.769873142242432,0,1,0.9826429486274719,-0.00027573376428335905,-0.18550410866737366,0,0.10688827186822891,0.8181469440460205,0.5649870038032532,0,0.15161387622356415,-0.5750089287757874,0.8039760589599609,0,0,1.9828089475631714,0,1
K0.034,0.9916876554489136,-0.06071171537041664,0.11344444006681442,0,0.06372283399105072,0.9977001547813416,-0.023104345425963402,0,-0.11178078502416611,0.030141282826662064,0.9932752251625061,0,0.033994413912296295,11.151657104492188,0.10326948761940002,1,0.9998924732208252,0.014593553729355335,0.0012570420512929559,0,-0.014507840387523174,0.9985253214836121,-0.05230755731463432,0,-0.0020185436587780714,0.05228374898433685,0.998630702495575,0,0,1.2427419424057007,-0.1856590062379837,1,0.9998623728752136,0.015593654476106167,0.005686590913683176,0,-0.016390761360526085,0.9816051125526428,0.19021843373775482,0,-0.0026157842949032784,-0.19028529524803162,0.9817247986793518,0,0,1.4659559726715088,0,1,0.9998623728752136,0.015593655407428741,0.005686586257070303,0,-0.016390755772590637,0.9816049933433533,0.19021791219711304,0,-0.002615787787362933,-0.1902848184108734,0.9817248582839966,0,0,1.6753770112991333,0,1,0.9978703856468201,0.05833161622285843,-0.029178103432059288,0,-0.059267718344926834,0.9977189898490906,-0.032316554337739944,0,0.02722647227346897,0.03397705405950546,0.9990514516830444,0,0,1.8847999572753906,0,1,0.9959090948104858,-0.06914068758487701,-0.05817949026823044,0,0.04904939979314804,0.9543738961219788,-0.2945595681667328,0,0.07589096575975418,0.29050058126449585,0.9538600444793701,0,0,0.855912983417511,0.3470599949359894,1,-0.015441721305251122,-0.0680776908993721,-0.9975603222846985,0,0.9851676225662231,-0.17155732214450836,-0.0035421489737927914,0,-0.17089766263961792,-0.9828186631202698,0.06971713155508041,0,0.652642011642456,1.576030969619751,-0.03514900058507919,1,0.9911326169967651,-0.12840630114078522,-0.03417142108082771,0,0.10756189376115799,0.624340832233429,0.7737111449241638,0,-0.07801482826471329,-0.7705264687538147,0.6326166391372681,0,0,1.451390027999878,0,1,0.5589000582695007,0.8282886147499084,-0.039606139063835144,0,-0.8285226225852966,0.5558031797409058,-0.06806731224060059,0,-0.03436615318059921,0.07085739821195602,0.996894121170044,0,0,3.2703590393066406,0,1,0.20989136397838593,-0.3679593801498413,-0.9058430194854736,0,0.047002434730529785,0.9292067885398865,-0.36655905842781067,0,0.9765944480895996,0.034360770136117935,0.2123274952173233,0,0,2.8214590549468994,0,1,0.7039126753807068,0.7099562883377075,0.021668734028935432,0,-0.7041826248168945,0.701529324054718,-0.10946731269359589,0,-0.09291823953390121,0.06179666891694069,0.9937540292739868,0,-0.3050509989261627,0.43549299240112305,0,1,0.9922770857810974,0.12109114229679108,0.026896163821220398,0,-0.12027581036090851,0.9922839999198914,-0.030111251398921013,0,-0.03033483773469925,0.026643747463822365,0.9991849660873413,0,-0.06800000369548798,0.4198940098285675,0,1,0.9850000143051147,0.17243613302707672,0.006441108882427216,0,-0.17243286967277527,0.9850210547447205,-0.0010628004092723131,0,-0.006527890916913748,-0.00006380043487297371,0.9999790191650391,0,-0.004792999941855669,0.4857949912548065,0,1,0.9102250337600708,0.33294677734375,-0.24624419212341309,0,-0.34944823384284973,0.9366138577461243,-0.02531607635319233,0,0.22220683097839355,0.10909292101860046,0.9688770771026611,0,0,0.9967560172080994,0,1,0.99344402551651,-0.11426202207803726,0.0035749010276049376,0,0.11389496922492981,0.991972029209137,0.05495170131325722,0,-0.00982509832829237,-0.05418429896235466,0.9984829425811768,0,0.060189999639987946,0.5512700080871582,0,1,0.9998880624771118,-0.014909063465893269,-0.0014493396738544106,0,0.014908935874700546,0.9998889565467834,-0.00009780954133020714,0,0.0014506365405395627,0.00007619044481543824,0.999998927116394,0,-0.026318000629544258,0.4993000030517578,0,1,0.023608610033988953,-0.16493229568004608,0.9860228300094604,0,-0.8986526131629944,-0.435645192861557,-0.05135372653603554,0,0.4380256235599518,-0.8848790526390076,-0.15850180387496948,0,-0.652642011642456,1.5792399644851685,-0.05662799999117851,1,0.9936299324035645,0.10848286747932434,0.030511807650327682,0,-0.111053965985775,0.896615207195282,0.4286588430404663,0,0.01914479210972786,-0.4293167293071747,0.902951180934906,0,0,1.451390027999878,0,1,0.5685201287269592,-0.8219723701477051,0.03387518227100372,0,0.8223294615745544,0.566619336605072,-0.05211445316672325,0,0.023642290383577347,0.057484641671180725,0.9980660080909729,0,0,3.2765069007873535,0,1,0.40163910388946533,0.07632913440465927,0.9126114249229431,0,0.2844422161579132,0.9368376135826111,-0.20353800058364868,0,-0.8705049753189087,0.3413342237472534,0.3545595705509186,0,0,2.8292040824890137,0,1,0.6734086871147156,-0.7258196473121643,0.14038017392158508,0,0.7327543497085571,0.6804843544960022,0.003318171948194504,0,-0.09793497622013092,0.1006297618150711,0.9900922179222107,0,0.32116401195526123,0.5079699754714966,0,1,0.9884030222892761,-0.1500367671251297,-0.02342400513589382,0,0.14941224455833435,0.9884210228919983,-0.026468412950634956,0,0.02712399698793888,0.022661611437797546,0.9993749856948853,0,0.08328499644994736,0.4735170006752014,0,1,0.9805968999862671,-0.19602727890014648,0.001925057265907526,0,0.1960267275571823,0.9805980324745178,0.0003940037568099797,0,-0.0019649427849799395,-0.000008996245924208779,0.9999979734420776,0,-0.002070999937132001,0.4775800108909607,0,1,0.9134510159492493,-0.36680883169174194,0.17623241245746613,0,0.3662932217121124,0.9297769069671631,0.03665301948785782,0,-0.17730161547660828,0.031072020530700684,0.9836660623550415,0,0,1.0201549530029297,0,1,0.9963300228118896,0.08556026220321655,-0.002284035086631775,0,-0.08468673378229141,0.9893239736557007,0.11859828978776932,0,0.012406965717673302,-0.11796974390745163,0.9929400682449341,0,-0.07540299743413925,0.5894140005111694,0,1,0.99850994348526,-0.054115187376737595,-0.006976010277867317,0,0.05411878973245621,0.9985340237617493,0.00032897808705456555,0,0.006947988644242287,-0.0007060219650156796,0.9999759793281555,0,0.0557279996573925,0.5480239987373352,0,1,-0.9175042510032654,-0.2510283291339874,0.3084969222545624,0,0.3316185176372528,-0.9110664129257202,0.24492275714874268,0,0.2195785641670227,0.32702088356018066,0.9191526770591736,0,1.022987961769104,-0.6898429989814758,-0.1812169998884201,1,0.9989399909973145,-0.03985229507088661,0.02302892506122589,0,0.04474104940891266,0.723274827003479,-0.6891098618507385,0,0.010806366801261902,0.6894094944000244,0.7242909669876099,0,0,5.231299877166748,0,1,0.9797309637069702,-0.13630376756191254,0.14679202437400818,0,-0.1065288707613945,0.26605892181396484,0.958052396774292,0,-0.16964149475097656,-0.9542713165283203,0.24614591896533966,0,0,4.76700496673584,0,1,0.9813625812530518,-0.00048784722457639873,0.1921670287847519,0,-0.1089254766702652,0.8224226236343384,0.5583508014678955,0,-0.15831495821475983,-0.5688766837120056,0.8070419430732727,0,0,1.9788390398025513,0,1,-0.9778169989585876,0.19517356157302856,0.07603135704994202,0,-0.15570996701717377,-0.9201066493988037,0.3593863248825073,0,0.14009961485862732,0.3395751416683197,0.9300861358642578,0,-1.022987961769104,-0.6898429989814758,-0.09872400015592575,1,0.9992120862007141,0.03746208921074867,-0.01309993676841259,0,-0.03895511478185654,0.8627474308013916,-0.504132091999054,0,-0.007583904545754194,0.5042452812194824,0.8635271787643433,0,0,5.234388828277588,0,1,0.988494873046875,0.151092529296875,-0.006993815302848816,0,-0.06549699604511261,0.4692646265029907,0.8806250095367432,0,0.13633781671524048,-0.8700352311134338,0.47376176714897156,0,0,4.769873142242432,0,1,0.9824411273002625,0.0019472729181870818,-0.18656322360038757,0,0.10783731192350388,0.8100734353065491,0.5763260126113892,0,0.15225224196910858,-0.5863250494003296,0.7956397533416748,0,0,1.9828089475631714,0,1
K0.068,0.990996241569519,-0.06989401578903198,0.11419809609651566,0,0.07360915839672089,0.9968755841255188,-0.028641067445278168,0,-0.11183946579694748,0.036789219826459885,0.9930448532104492,0,0.09423558413982391,11.117196083068848,0.11282982677221298,1,0.9998154044151306,0.018949240446090698,0.0031200717203319073,0,-0.01875607855618,0.9984020590782166,-0.05331466346979141,0,-0.004125355742871761,0.05324626713991165,0.9985725283622742,0,0,1.2427419424057007,-0.1856590062379837,1,0.9997185468673706,0.021322673186659813,0.010437662713229656,0,-0.02290618233382702,0.9818814992904663,0.18810699880123138,0,-0.006237600930035114,-0.18829303979873657,0.982093095779419,0,0,1.4659559726715088,0,1,0.9997185468673706,0.021322673186659813,0.010437662713229656,0,-0.02290618233382702,0.9818814992904663,0.18810699880123138,0,-0.006237600930035114,-0.18829303979873657,0.982093095779419,0,0,1.6753770112991333,0,1,0.9976968169212341,0.0603899285197258,-0.030884496867656708,0,-0.06136229634284973,0.9976161122322083,-0.03156924620270729,0,0.028904424980282784,0.03339170292019844,0.9990247488021851,0,0,1.8847999572753906,0,1,0.9931334257125854,-0.09089111536741257,-0.07365332543849945,0,0.06624853610992432,0.9558547139167786,-0.2862745225429535,0,0.0964217260479927,0.27942946553230286,0.9553130269050598,0,0,0.855912983417511,0.3470599949359894,1,-0.023842640221118927,-0.06731665879487991,-0.9974462985992432,0,0.9863424301147461,-0.16423016786575317,-0.012493478134274483,0,-0.16296988725662231,-0.9841223955154419,0.07031301409006119,0,0.652642011642456,1.576030969619751,-0.03514900058507919,1,0.9887424111366272,-0.13803832232952118,-0.057737693190574646,0,0.13088829815387726,0.610951840877533,0.7807732224464417,0,-0.07250166684389114,-0.7795407176017761,0.6221414804458618,0,0,1.451390027999878,0,1,0.5398900508880615,0.8407281041145325,-0.04116467386484146,0,-0.8409666419029236,0.536661684513092,-0.06906282156705856,0,-0.035971563309431076,0.07190445810556412,0.9967628717422485,0,0,3.2703590393066406,0,1,0.20414096117019653,-0.36296334862709045,-0.9091667532920837,0,0.051923129707574844,0.9314315319061279,-0.3601934313774109,0,0.9775640368461609,0.026323489844799042,0.20898962020874023,0,0,2.8214590549468994,0,1,0.7039129734039307,0.7099559903144836,0.02166830189526081,0,-0.7041829228401184,0.7015299797058105,-0.10946714878082275,0,-0.09291774779558182,0.06179684028029442,0.9937540292739868,0,-0.3050509989261627,0.43549299240112305,0,1,0.9922770261764526,0.12109016627073288,0.026896173134446144,0,-0.12027483433485031,0.9922839999198914,-0.03011121228337288,0,-0.030334822833538055,0.02664373815059662,0.9991849660873413,0,-0.06800000369548798,0.4198940098285675,0,1,0.9850000143051147,0.17243613302707672,0.006441108882427216,0,-0.17243286967277527,0.9850210547447205,-0.0010628004092723131,0,-0.006527890916913748,-0.00006380043487297371,0.9999790191650391,0,-0.004792999941855669,0.4857949912548065,0,1,0.910224974155426,0.3329462707042694,-0.2462446540594101,0,-0.3494477868080139,0.9366140365600586,-0.025316044688224792,0,0.22220733761787415,0.10909295827150345,0.9688768982887268,0,0,0.9967560172080994,0,1,0.99344402551651,-0.11426202207803726,0.0035748998634517193,0,0.11389496922492981,0.991972029209137,0.05495172366499901,0,-0.009825100190937519,-0.05418431758880615,0.9984829425811768,0,0.060189999639987946,0.5512700080871582,0,1,0.9998880624771118,-0.014909063465893269,-0.0014488515444099903,0,0.014908935874700546,0.9998889565467834,-0.00009780590335140005,0,0.0014501484110951424,0.00007619409007020295,0.999998927116394,0,-0.026318000629544258,0.4993000030517578,0,1,0.02118508890271187,-0.16507750749588013,0.9860531091690063,0,-0.8986471891403198,-0.4353865683078766,-0.05358193814754486,0,0.4381595551967621,-0.8849788308143616,-0.15757012367248535,0,-0.652642011642456,1.5792399644851685,-0.05662799999117851,1,0.9940393567085266,0.10256895422935486,0.036948852241039276,0,-0.10868921130895615,0.9059361815452576,0.4092258810997009,0,0.008500569500029087,-0.4108026921749115,0.9116846323013306,0,0,1.451390027999878,0,1,0.547494113445282,-0.8360674381256104,0.035237573087215424,0,0.8364341855049133,0.5455018877983093,-0.0529666468501091,0,0.025061527267098427,0.05847283825278282,0.9979745149612427,0,0,3.2765069007873535,0,1,0.4416355490684509,0.06869871914386749,0.8945602178573608,0,0.2651491165161133,0.9425351023674011,-0.20328450202941895,0,-0.8571192622184753,0.32696932554244995,0.39804136753082275,0,0,2.8292040824890137,0,1,0.6722230911254883,-0.7313700318336487,0.11495286226272583,0,0.7311504483222961,0.680219292640686,0.05215884745121002,0,-0.11634058505296707,0.04898546263575554,0.9920007586479187,0,0.32116401195526123,0.5079699754714966,0,1,0.9884030222892761,-0.1500367820262909,-0.023424016311764717,0,0.14941224455833435,0.9884210228919983,-0.026468904688954353,0,0.027124080806970596,0.022662097588181496,0.9993749856948853,0,0.08328499644994736,0.4735170006752014,0,1,0.9805968999862671,-0.19602727890014648,0.001925057265907526,0,0.1960267275571823,0.9805980324745178,0.0003940037568099797,0,-0.0019649427849799395,-0.000008996245924208779,0.9999979734420776,0,-0.002070999937132001,0.4775800108909607,0,1,0.913451075553894,-0.36680880188941956,0.17623284459114075,0,0.36629316210746765,0.9297769069671631,0.03665309399366379,0,-0.1773020327091217,0.031072096899151802,0.9836660027503967,0,0,1.0201549530029297,0,1,0.9963300228118896,0.08556026220321655,-0.0022840145975351334,0,-0.08468674123287201,0.9893240332603455,0.11859878152608871,0,0.012406985275447369,-0.11797021329402924,0.9929400086402893,0,-0.07540299743413925,0.5894140005111694,0,1,0.9985100030899048,-0.054114699363708496,-0.006976010277867317,0,0.05411829799413681,0.9985340237617493,0.00032897977507673204,0,0.006947988644242287,-0.0007060202187858522,0.9999759793281555,0,0.0557279996573925,0.5480239987373352,0,1,-0.9148373007774353,-0.26072603464126587,0.3083743453025818,0,0.345970094203949,-0.899888277053833,0.2655280530452728,0,0.20827248692512512,0.34960344433784485,0.9134552478790283,0,1.022987961769104,-0.6898429989814758,-0.1812169998884201,1,0.9988503456115723,-0.04065294191241264,0.02541261725127697,0,0.04634210839867592,0.6829062700271606,-0.7290347218513489,0,0.012282967567443848,0.7293742299079895,0.6840051412582397,0,0,5.231299877166748,0,1,0.9804943203926086,-0.1500587910413742,0.12693698704242706,0,-0.08248532563447952,0.27204954624176025,0.9587419629096985,0,-0.17840078473091125,-0.9505113959312439,0.25436538457870483,0,0,4.76700496673584,0,1,0.9822790622711182,0.000019278766558272764,0.1874242126941681,0,-0.11120716482400894,0.8050082325935364,0.5827473402023315,0,-0.1508668214082718,-0.5932634472846985,0.7907450199127197,0,0,1.9788390398025513,0,1,-0.9714148640632629,0.19792893528938293,0.13106365501880646,0,-0.14031176269054413,-0.9240677952766418,0.35554346442222595,0,0.19148410856723785,0.3269905149936676,0.9254252314567566,0,-1.022987961769104,-0.6898429989814758,-0.09872400015592575,1,0.9992084503173828,0.03645184636116028,-0.015926169231534004,0,-0.03946823999285698,0.8585140705108643,-0.5112700462341309,0,-0.004963896702975035,0.5114937424659729,0.859272837638855,0,0,5.234388828277588,0,1,0.983851432800293,0.17226094007492065,-0.04861105978488922,0,-0.03687705472111702,0.460845410823822,0.8867140412330627,0,0.1751483976840973,-0.8706023693084717,0.45975592732429504,0,0,4.769873142242432,0,1,0.9821478128433228,0.0051852501928806305,-0.18803879618644714,0,0.10922583192586899,0.7981256246566772,0.5925074219703674,0,0.15315084159374237,-0.6024684309959412,0.7833107709884644,0,0,1.9828089475631714,0,1
K0.102,0.9903919100761414,-0.07414764910936356,0.11673354357481003,0,0.07918576896190643,0.9960923194885254,-0.03912366181612015,0,-0.11337635666131973,0.047991350293159485,0.992392361164093,0,0.1935441493988037,11.050592422485352,0.12713772058486938,1,0.9997032284736633,0.02355073019862175,0.00618337094783783,0,-0.023181721568107605,0.9982624650001526,-0.0541725717484951,0,-0.007448434364050627,0.05401317775249481,0.9985125660896301,0,0,1.2427419424057007,-0.1856590062379837,1,0.9994747042655945,0.027260707691311836,0.017546283081173897,0,-0.030055100098252296,0.9820407629013062,0.18626092374324799,0,-0.012153547257184982,-0.18669022619724274,0.9823430776596069,0,0,1.4659559726715088,0,1,0.9994747042655945,0.027260705828666687,0.017546283081173897,0,-0.030055100098252296,0.9820407629013062,0.18626096844673157,0,-0.012153547257184982,-0.1866902858018875,0.9823431372642517,0,0,1.6753770112991333,0,1,0.9971199631690979,0.06779620796442032,-0.033984165638685226,0,-0.06886719167232513,0.99713134765625,-0.03140072897076607,0,0.03175785392522812,0.0336507149040699,0.9989293217658997,0,0,1.8847999572753906,0,1,0.986574113368988,-0.12446470558643341,-0.10573373734951019,0,0.091501384973526,0.9575400948524475,-0.27339476346969604,0,0.1352723240852356,0.2600494623184204,0.9560731649398804,0,0,0.855912983417511,0.3470599949359894,1,-0.03989628702402115,-0.06595519185066223,-0.9970245957374573,0,0.9876086711883545,-0.15417298674583435,-0.02932063676416874,0,-0.15178045630455017,-0.9858403205871582,0.07128886133432388,0,0.652642011642456,1.576030969619751,-0.03514900058507919,1,0.9827003479003906,-0.1571865677833557,-0.09793906658887863,0,0.173303484916687,0.5939757823944092,0.7855944633483887,0,-0.06531151384115219,-0.7889775633811951,0.6109415292739868,0,0,1.451390027999878,0,1,0.4985142946243286,0.8657353520393372,-0.04455835744738579,0,-0.8659818172454834,0.4949979782104492,-0.07107631117105484,0,-0.039477020502090454,0.07401935011148453,0.9964755177497864,0,0,3.2703590393066406,0,1,0.20796248316764832,-0.35917937755584717,-0.9098033905029297,0,0.06051912158727646,0.9330814480781555,-0.354535847902298,0,0.9762625098228455,0.018669642508029938,0.21578314900398254,0,0,2.8214590549468994,0,1,0.7039129137992859,0.7099560499191284,0.021668776869773865,0,-0.7041829228401184,0.7015299797058105,-0.10946734994649887,0,-0.09291821718215942,0.0617966428399086,0.9937540292739868,0,-0.3050509989261627,0.43549299240112305,0,1,0.9922770261764526,0.12109015882015228,0.026896201074123383,0,-0.12027484178543091,0.9922839999198914,-0.03011077269911766,0,-0.030334798619151115,0.02664329670369625,0.9991849660873413,0,-0.06800000369548798,0.4198940098285675,0,1,0.9850000143051147,0.17243610322475433,0.006441108882427216,0,-0.17243283987045288,0.9850210547447205,-0.0010628002928569913,0,-0.006527890916913748,-0.00006380034028552473,0.9999790191650391,0,-0.004792999941855669,0.4857949912548065,0,1,0.9102250933647156,0.3329468071460724,-0.24624469876289368,0,-0.34944820404052734,0.9366138577461243,-0.025315992534160614,0,0.22220727801322937,0.10909300297498703,0.9688769578933716,0,0,0.9967560172080994,0,1,0.99344402551651,-0.11426202207803726,0.0035748747177422047,0,0.11389496922492981,0.9919719696044922,0.05495216324925423,0,-0.009825126267969608,-0.05418476462364197,0.9984830617904663,0,0.060189999639987946,0.5512700080871582,0,1,0.9998880624771118,-0.014909063465893269,-0.0014488872839137912,0,0.014908935874700546,0.9998889565467834,-0.00009780617256183177,0,0.0014501841505989432,0.00007619382085977122,0.999998927116394,0,-0.026318000629544258,0.4993000030517578,0,1,0.017425240948796272,-0.1653139293193817,0.986087441444397,0,-0.8971537947654724,-0.4379507005214691,-0.05756709352135658,0,0.4413740336894989,-0.8836684226989746,-0.1559433788061142,0,-0.652642011642456,1.5792399644851685,-0.05662799999117851,1,0.9941673874855042,0.09928707778453827,0.042100273072719574,0,-0.1078089252114296,0.9249634742736816,0.36444398760795593,0,-0.002756641013547778,-0.3668573200702667,0.9302729964256287,0,0,1.451390027999878,0,1,0.48854824900627136,-0.8716630339622498,0.039031729102134705,0,0.8720517754554749,0.4862966537475586,-0.05514930561184883,0,0.029090605676174164,0.06098077818751335,0.9977145791053772,0,0,3.2765069007873535,0,1,0.4758394658565521,0.05615479126572609,0.877737283706665,0,0.24702957272529602,0.949256420135498,-0.19465018808841705,0,-0.8441286683082581,0.3094494640827179,0.43782198429107666,0,0,2.8292040824890137,0,1,0.6803773045539856,-0.7257179021835327,0.10207778215408325,0,0.7205603122711182,0.687849760055542,0.08750169724225998,0,-0.1337156593799591,0.01401902362704277,0.9909204244613647,0,0.32116401195526123,0.5079699754714966,0,1,0.9884030818939209,-0.15003681182861328,-0.023424968123435974,0,0.14941222965717316,0.9884210228919983,-0.026468977332115173,0,0.027125030755996704,0.022662024945020676,0.9993749856948853,0,0.08328499644994736,0.4735170006752014,0,1,0.9805968999862671,-0.19602727890014648,0.001925128628499806,0,0.1960267275571823,0.9805980324745178,0.00039401082904078066,0,-0.0019650140311568975,-0.00000898918278835481,0.9999979734420776,0,-0.002070999937132001,0.4775800108909607,0,1,0.9134519100189209,-0.3668084740638733,0.17623195052146912,0,0.36629268527030945,0.9297771453857422,0.03665285184979439,0,-0.17730101943016052,0.031071854755282402,0.9836660027503967,0,0,1.0201549530029297,0,1,0.9963300228118896,0.08556026220321655,-0.0022840145975351334,0,-0.08468674123287201,0.9893240332603455,0.11859878152608871,0,0.012406985275447369,-0.11797021329402924,0.9929400086402893,0,-0.07540299743413925,0.5894140005111694,0,1,0.9985100030899048,-0.054114699363708496,-0.006976009346544743,0,0.05411829799413681,0.9985340237617493,0.00032894406467676163,0,0.006947990041226149,-0.0007059845374897122,0.9999759793281555,0,0.0557279996573925,0.5480239987373352,0,1,-0.9106369614601135,-0.2696130871772766,0.3131279945373535,0,0.3633844256401062,-0.8832775950431824,0.2962625026702881,0,0.196702778339386,0.38357359170913696,0.9023188352584839,0,1.022987961769104,-0.6898429989814758,-0.1812169998884201,1,0.9987211227416992,-0.040429022163152695,0.03037073090672493,0,0.04880443587899208,0.613562285900116,-0.7881369590759277,0,0.013229266740381718,0.7886108756065369,0.6147504448890686,0,0,5.231299877166748,0,1,0.9789499044418335,-0.18176254630088806,0.09284521639347076,0,-0.03687620535492897,0.2898964583873749,0.9563472270965576,0,-0.20074346661567688,-0.9396390318870544,0.27709120512008667,0,0,4.76700496673584,0,1,0.9853915572166443,0.00802646391093731,0.1701156198978424,0,-0.11555905640125275,0.7652581334114075,0.6332669854164124,0,-0.1250993311405182,-0.6436736583709717,0.7550056576728821,0,0,1.9788390398025513,0,1,-0.9630469679832458,0.20762404799461365,0.17155705392360687,0,-0.1358102262020111,-0.9244177937507629,0.3563813269138336,0,0.23258376121520996,0.319912850856781,0.9184555411338806,0,-1.022987961769104,-0.6898429989814758,-0.09872400015592575,1,0.999169647693634,0.035943880677223206,-0.019180456176400185,0,-0.04062822088599205,0.8440167903900146,-0.5347759127616882,0,-0.0030332952737808228,0.535111129283905,0.8447762727737427,0,0,5.234388828277588,0,1,0.978342592716217,0.19444985687732697,-0.07095515727996826,0,-0.023155584931373596,0.4434548020362854,0.8959974050521851,0,0.20569202303886414,-0.8749496936798096,0.4383534789085388,0,0,4.769873142242432,0,1,0.9818688631057739,0.00829111598432064,-0.18937906622886658,0,0.11056250333786011,0.7864616513252258,0.6076623797416687,0,0.1539776474237442,-0.6175832748413086,0.7712859511375427,0,0,1.9828089475631714,0,1
