1.000,30,30,41
B0,mixamorig_Hips,-1,0.8705040216445923,0.05349700152873993,-0.4892449975013733,0,0.02782600000500679,0.9871349930763245,0.15745000541210175,0,0.4913739860057831,-0.1506740003824234,0.8578159809112549,0,0.04497399926185608,10.950504302978516,-0.013426000252366066,1
B1,mixamorig_Spine,0,0.9999849796295166,-0.005421999841928482,0.0008140000281855464,0,0.00547999981790781,0.9930800199508667,-0.1173119992017746,0,-0.0001720000000204891,0.11731400340795517,0.9930949807167053,0,0,1.2427419424057007,-0.1856590062379837,1
B2,mixamorig_Spine1,1,0.9999899864196777,-0.004569999873638153,0.0003209999995306134,0,0.004540999885648489,0.9980409741401672,0.06240300089120865,0,-0.0006060000159777701,-0.062401000410318375,0.9980509877204895,0,0,1.4659559726715088,0,1
B3,mixamorig_Spine2,2,0.9999889731407166,-0.004575000144541264,0.0003760000108741224,0,0.004542999900877476,0.9980409741401672,0.0623989999294281,0,-0.000661000027321279,-0.06239600107073784,0.9980509877204895,0,0,1.6753770112991333,0,1
B4,mixamorig_Neck,3,0.9906269907951355,0.08585099875926971,0.1062450036406517,0,-0.11578299850225449,0.940438985824585,0.31964001059532166,0,-0.07247500121593475,-0.32894501090049744,0.9415640234947205,0,0,1.8847999572753906,0,1
B5,mixamorig_Head,4,0.926334023475647,0.11105100065469742,0.3599640130996704,0,-0.1340939998626709,0.9901769757270813,0.03959999978542328,0,-0.3520300090312958,-0.08495199680328369,0.932125985622406,0,0,0.855912983417511,0.3470599949359894,1
B6,mixamorig_HeadTop_End,5,1,0,0,0,0,1,0,0,0,0,1,0,0,2.8392999172210693,1.1512919664382935,1
B7,mixamorig_LeftShoulder,3,0.5063760280609131,0.049300000071525574,-0.8609020113945007,0,0.8062090277671814,-0.3812969923019409,0.4523710012435913,0,-0.30595800280570984,-0.9231370091438293,-0.23282599449157715,0,0.652642011642456,1.576030969619751,-0.03514900058507919,1
B8,mixamorig_LeftArm,7,0.7772619724273682,0.3792189955711365,0.5020530223846436,0,-0.5790749788284302,0.7432090044021606,0.3351309895515442,0,-0.24604199826717377,-0.5512099862098694,0.7972639799118042,0,0,1.451390027999878,0,1
B9,mixamorig_LeftForeArm,8,-0.13472700119018555,0.9863529801368713,-0.0946350023150444,0,-0.9868419766426086,-0.14217999577522278,-0.0769909992814064,0,-0.08939599990844727,0.08301699906587601,0.9925299882888794,0,0,3.2703590393066406,0,1
B10,mixamorig_LeftHand,9,0.7342249751091003,0.28456100821495056,-0.6163920164108276,0,-0.3616569936275482,0.9323109984397888,-0.0003870000073220581,0,0.5745589733123779,0.22320599853992462,0.7874389886856079,0,0,2.8214590549468994,0,1
B11,mixamorig_LeftHandThumb1,10,0.7019039988517761,0.6271979808807373,-0.3375700116157532,0,-0.44133898615837097,0.7549600005149841,0.48503100872039795,0,0.5590620040893555,-0.19146299362182617,0.8067160248756409,0,-0.3050509989261627,0.43549299240112305,0,1
B12,mixamorig_LeftHandThumb2,11,0.8556010127067566,0.20162199437618256,-0.4767549932003021,0,0.4553210139274597,0.14497600495815277,0.878445029258728,0,0.24623200297355652,-0.9686750173568726,0.032239001244306564,0,-0.06800000369548798,0.4198940098285675,0,1
B13,mixamorig_LeftHandThumb3,12,0.9007179737091064,-0.20502200722694397,-0.38297998905181885,0,0.3505389988422394,0.8637459874153137,0.3620299994945526,0,0.25657299160957336,-0.4603370130062103,0.8498589992523193,0,-0.004792999941855669,0.4857949912548065,0,1
B14,mixamorig_LeftHandThumb4,13,1,0,0,0,0,1,0,0,0,0,1,0,0.07279200106859207,0.44150298833847046,0,1
B15,mixamorig_LeftHandIndex1,10,0.4319469928741455,0.6555709838867188,0.619392991065979,0,-0.6902480125427246,-0.20173799991607666,0.694881021976471,0,0.580498993396759,-0.7276870012283325,0.36536601185798645,0,0,0.9967560172080994,0,1
B16,mixamorig_LeftHandIndex2,15,0.5830379724502563,0.6157100200653076,0.5300639867782593,0,-0.6540420055389404,-0.031339000910520554,0.7558090090751648,0,0.48197001218795776,-0.7873499989509583,0.3844279944896698,0,0.060189999639987946,0.5512700080871582,0,1
B17,mixamorig_LeftHandIndex3,16,0.8499060273170471,0.5101590156555176,0.1319040060043335,0,-0.48701098561286926,0.6649209856987,0.5663040280342102,0,0.2011999934911728,-0.5455440282821655,0.8135730028152466,0,-0.026318000629544258,0.4993000030517578,0,1
B18,mixamorig_LeftHandIndex4,17,1,0,0,0,0,1,0,0,0,0,1,0,-0.033872999250888824,0.5011600255966187,0,1
B19,mixamorig_RightShoulder,3,0.21586699783802032,-0.027921000495553017,0.9760230183601379,0,-0.8934040069580078,-0.4089899957180023,0.18589399755001068,0,0.39399299025535583,-0.9121119976043701,-0.11323300004005432,0,-0.652642011642456,1.5792399644851685,-0.05662799999117851,1
B20,mixamorig_RightArm,19,0.5651839971542358,-0.30284300446510315,-0.7673680186271667,0,0.6233459711074829,0.7660679817199707,0.15677900612354279,0,0.5403770208358765,-0.5669450163841248,0.6217449903488159,0,0,1.451390027999878,0,1
B21,mixamorig_RightForeArm,20,-0.26102399826049805,-0.9617149829864502,0.08348999917507172,0,0.9622079730033875,-0.26615700125694275,-0.057583998888731,0,0.07760000228881836,0.06530400365591049,0.9948430061340332,0,0,3.2765069007873535,0,1
B22,mixamorig_RightHand,21,0.7715830206871033,-0.5694550275802612,0.28351500630378723,0,0.5646650195121765,0.818356990814209,0.10698600113391876,0,-0.29294100403785706,0.07754199951887131,0.9529809951782227,0,0,2.8292040824890137,0,1
B23,mixamorig_RightHandThumb1,22,0.915382981300354,-0.40192100405693054,-0.023101000115275383,0,0.3765079975128174,0.8343669772148132,0.4025839865207672,0,-0.14253200590610504,-0.37721601128578186,0.9150919914245605,0,0.32116401195526123,0.5079699754714966,0,1
B24,mixamorig_RightHandThumb2,23,0.7414559721946716,0.6663069725036621,0.07922899723052979,0,-0.5184569954872131,0.49393099546432495,0.6980220079421997,0,0.42596301436424255,-0.5586289763450623,0.711679995059967,0,0.08328499644994736,0.4735170006752014,0,1
B25,mixamorig_RightHandThumb3,24,0.9645919799804688,0.24474899470806122,-0.09828600287437439,0,-0.21033599972724915,0.9386780261993408,0.2732059955596924,0,0.15912599861621857,-0.24286000430583954,0.9569209814071655,0,-0.002070999937132001,0.4775800108909607,0,1
B26,mixamorig_RightHandThumb4,25,1,0,0,0,0,1,0,0,0,0,1,0,-0.08121500164270401,0.3971160054206848,0,1
B27,mixamorig_RightHandIndex1,22,0.2964850068092346,-0.6792309880256653,-0.6713730096817017,0,0.7111830115318298,-0.312173992395401,0.6298930048942566,0,-0.6374279856681824,-0.6642230153083801,0.3905029892921448,0,0,1.0201549530029297,0,1
B28,mixamorig_RightHandIndex2,27,0.5763829946517944,-0.6634250283241272,-0.47712698578834534,0,0.6799259781837463,0.06545700132846832,0.7303529977798462,0,-0.4533030092716217,-0.7453740239143372,0.4888080060482025,0,-0.07540299743413925,0.5894140005111694,0,1
B29,mixamorig_RightHandIndex3,28,0.7965559959411621,-0.5868669748306274,-0.14520999789237976,0,0.5674989819526672,0.6430220007896423,0.5142639875411987,0,-0.20843100547790527,-0.4920470118522644,0.8452489972114563,0,0.0557279996573925,0.5480239987373352,0,1
B30,mixamorig_RightHandIndex4,29,1,0,0,0,0,1,0,0,0,0,1,0,0.019675999879837036,0.41751301288604736,0,1
B31,mixamorig_LeftUpLeg,0,-0.9816009998321533,-0.15234099328517914,0.11511600017547607,0,0.1898140013217926,-0.8440170288085938,0.5016030073165894,0,0.02074499987065792,0.5142250061035156,0.8574050068855286,0,1.022987961769104,-0.6898429989814758,-0.1812169998884201,1
B32,mixamorig_LeftLeg,31,0.9919739961624146,0.08898299932479858,0.08982899785041809,0,-0.009748999960720539,0.762158989906311,-0.6473159790039062,0,-0.1260640025138855,0.6412450075149536,0.7569100260734558,0,0,5.231299877166748,0,1
B33,mixamorig_LeftFoot,32,0.9783840179443359,-0.1208219975233078,-0.16783100366592407,0,0.19856399297714233,0.32214298844337463,0.9256330132484436,0,-0.057771001011133194,-0.9389489889144897,0.33917000889778137,0,0,4.76700496673584,0,1
B34,mixamorig_LeftToeBase,33,0.9827669858932495,-0.000012000000424450263,0.1848510056734085,0,-0.10650599747896194,0.8172919750213623,0.5662950277328491,0,-0.15108400583267212,-0.5762240290641785,0.8032060265541077,0,0,1.9788390398025513,0,1
B35,mixamorig_LeftToe_End,34,1,0,0,0,0,1,0,0,0,0,1,0,0,0.7514830231666565,0,1
B36,mixamorig_RightUpLeg,0,-0.8732320070266724,0.2854450047016144,-0.3949509859085083,0,-0.4562329947948456,-0.7636680006980896,0.45679599046707153,0,-0.17122100293636322,0.5790789723396301,0.7970889806747437,0,-1.022987961769104,-0.6898429989814758,-0.09872400015592575,1
B37,mixamorig_RightLeg,36,0.985929012298584,0.167153000831604,0.0019239999819546938,0,-0.12767000496387482,0.7603759765625,-0.6368119716644287,0,-0.10790800303220749,0.6276059746742249,0.7710170149803162,0,0,5.234388828277588,0,1
B38,mixamorig_RightFoot,37,0.8911629915237427,0.16294699907302856,-0.4234110116958618,0,0.30545300245285034,0.4745599925518036,0.8255249857902527,0,0.33545100688934326,-0.8650090098381042,0.3731369972229004,0,0,4.769873142242432,0,1
B39,mixamorig_RightToeBase,38,0.9824280142784119,0.00001700000029813964,-0.18664300441741943,0,0.10731100291013718,0.8181359767913818,0.5649229884147644,0,0.1527079939842224,-0.5750250220298767,0.8037580251693726,0,0,1.9828089475631714,0,1
B40,mixamorig_RightToe_End,39,1,0,0,0,0,1,0,0,0,0,1,0,0,0.7492420077323914,0,1
@34,0,1,2,3,4,5,7,8,9,10,11,12,13,15,16,17,19,20,21,22,23,24,25,27,28,29,31,32,33,34,36,37,38,39
K0.000,0.8705039620399475,0.05349704995751381,-0.48924511671066284,0,0.02782605029642582,0.9871349930763245,0.15744970738887787,0,0.49137386679649353,-0.15067428350448608,0.8578159809112549,0,0.04497399926185608,10.950504302978516,-0.013426000252366066,1,0.9999849796295166,-0.005421981681138277,0.0008138467092067003,0,0.005480017978698015,0.9930800199508667,-0.11731164157390594,0,-0.00017215337720699608,0.11731435358524323,0.9930949211120605,0,0,1.2427419424057007,-0.1856590062379837,1,0.9999899864196777,-0.0045699761249125,0.00032122465199790895,0,0.004541023168712854,0.9980409145355225,0.06240306794643402,0,-0.0006057754508219659,-0.0624009370803833,0.9980509877204895,0,0,1.4659559726715088,0,1,0.9999889731407166,-0.00457519106566906,0.00037612541927956045,0,0.004542808514088392,0.9980409741401672,0.06239869445562363,0,-0.0006608746480196714,-0.06239631399512291,0.9980509877204895,0,0,1.6753770112991333,0,1,0.9906270503997803,0.0858510285615921,0.10624474287033081,0,-0.1157829537987709,0.9404390454292297,0.3196399211883545,0,-0.07247524708509445,-0.3289451003074646,0.9415639638900757,0,0,1.8847999572753906,0,1,0.926334023475647,0.11105155199766159,0.3599638044834137,0,-0.13409344851970673,0.9901770353317261,0.0396001972258091,0,-0.3520301878452301,-0.08495178818702698,0.9321259260177612,0,0,0.855912983417511,0.3470599949359894,1,0.506375789642334,0.04929985851049423,-0.8609021306037903,0,0.8062090873718262,-0.38129720091819763,0.4523707628250122,0,-0.3059578537940979,-0.9231371879577637,-0.23282583057880402,0,0.652642011642456,1.576030969619751,-0.03514900058507919,1,0.7772619128227234,0.37921926379203796,0.5020529627799988,0,-0.5790746808052063,0.7432092428207397,0.33513087034225464,0,-0.24604208767414093,-0.5512101054191589,0.7972638607025146,0,0,1.451390027999878,0,1,-0.1347266435623169,0.9863530397415161,-0.09463474899530411,0,-0.9868418574333191,-0.14218027889728546,-0.0769912376999855,0,-0.08939575403928757,0.0830167606472969,0.9925300478935242,0,0,3.2703590393066406,0,1,0.7342249751091003,0.2845609486103058,-0.6163921356201172,0,-0.3616570830345154,0.9323109984397888,-0.00038666691398248076,0,0.5745587348937988,0.22320634126663208,0.7874390482902527,0,0,2.8214590549468994,0,1,0.7019039988517761,0.6271981000900269,-0.33756980299949646,0,-0.44133880734443665,0.7549598813056946,0.4850313067436218,0,0.5590621829032898,-0.1914626955986023,0.8067159652709961,0,-0.3050509989261627,0.43549299240112305,0,1,0.8556009531021118,0.20162178575992584,-0.47675520181655884,0,0.455320805311203,0.14497613906860352,0.8784450888633728,0,0.2462318241596222,-0.9686751365661621,0.032239124178886414,0,-0.06800000369548798,0.4198940098285675,0,1,0.9007180333137512,-0.2050217241048813,-0.3829798996448517,0,0.3505392372608185,0.8637457489967346,0.36203038692474365,0,0.2565730810165405,-0.4603366255760193,0.8498592376708984,0,-0.004792999941855669,0.4857949912548065,0,1,0.43194717168807983,0.6555706858634949,0.6193931102752686,0,-0.6902479529380798,-0.20173844695091248,0.6948809027671814,0,0.5804991126060486,-0.7276868224143982,0.3653661012649536,0,0,0.9967560172080994,0,1,0.5830380320549011,0.6157094836235046,0.5300644636154175,0,-0.65404212474823,-0.03133942931890488,0.7558088898658752,0,0.48197054862976074,-0.7873497605323792,0.3844278156757355,0,0.060189999639987946,0.5512700080871582,0,1,0.8499059081077576,0.5101593136787415,0.1319037675857544,0,-0.48701074719429016,0.6649209856987,0.5663042664527893,0,0.2011997550725937,-0.5455437898635864,0.8135731816291809,0,-0.026318000629544258,0.4993000030517578,0,1,0.21586747467517853,-0.027921361848711967,0.9760228395462036,0,-0.8934037685394287,-0.4089899957180023,0.1858944594860077,0,0.3939934968948364,-0.9121118187904358,-0.11323274672031403,0,-0.652642011642456,1.5792399644851685,-0.05662799999117851,1,0.5651838183403015,-0.3028427064418793,-0.7673681974411011,0,0.623346209526062,0.7660678029060364,0.15677893161773682,0,0.5403767824172974,-0.5669450163841248,0.6217451095581055,0,0,1.451390027999878,0,1,-0.26102396845817566,-0.9617149233818054,0.08349045366048813,0,0.9622080326080322,-0.2661568522453308,-0.05758350342512131,0,0.07760044932365417,0.06530449539422989,0.9948428869247437,0,0,3.2765069007873535,0,1,0.7715827822685242,-0.5694552659988403,0.28351539373397827,0,0.5646646618843079,0.8183571696281433,0.10698631405830383,0,-0.292940616607666,0.07754231244325638,0.9529811143875122,0,0,2.8292040824890137,0,1,0.9153831601142883,-0.40192070603370667,-0.023101026192307472,0,0.3765083849430084,0.8343669176101685,0.4025838375091553,0,-0.14253203570842743,-0.3772162199020386,0.9150919318199158,0,0.32116401195526123,0.5079699754714966,0,1,0.741456151008606,0.666306734085083,0.0792289674282074,0,-0.5184571146965027,0.4939311742782593,0.6980217099189758,0,0.42596298456192017,-0.5586293339729309,0.7116798162460327,0,0.08328499644994736,0.4735170006752014,0,1,0.964591920375824,0.24474914371967316,-0.09828601032495499,0,-0.2103358507156372,0.9386779069900513,0.27320635318756104,0,0.15912598371505737,-0.24285966157913208,0.9569211006164551,0,-0.002070999937132001,0.4775800108909607,0,1,0.29648494720458984,-0.6792309880256653,-0.6713730692863464,0,0.7111831307411194,-0.3121737539768219,0.6298930048942566,0,-0.6374279856681824,-0.6642231345176697,0.39050284028053284,0,0,1.0201549530029297,0,1,0.576382577419281,-0.6634252071380615,-0.47712719440460205,0,0.6799257397651672,0.06545720994472504,0.7303531765937805,0,-0.4533032178878784,-0.7453738451004028,0.48880812525749207,0,-0.07540299743413925,0.5894140005111694,0,1,0.7965559363365173,-0.5868669748306274,-0.14521025121212006,0,0.5674989819526672,0.643021821975708,0.5142641663551331,0,-0.20843125879764557,-0.4920467734336853,0.8452490568161011,0,0.0557279996573925,0.5480239987373352,0,1,-0.9816009402275085,-0.15234136581420898,0.11511600017547607,0,0.18981364369392395,-0.8440170288085938,0.5016029477119446,0,0.02074499987065792,0.5142248868942261,0.8574050068855286,0,1.022987961769104,-0.6898429989814758,-0.1812169998884201,1,0.9919740557670593,0.08898261934518814,0.08982905000448227,0,-0.00974938366562128,0.7621590495109558,-0.6473159193992615,0,-0.12606395781040192,0.6412451267242432,0.7569099068641663,0,0,5.231299877166748,0,1,0.9783840179443359,-0.12082190066576004,-0.16783109307289124,0,0.1985640823841095,0.3221428692340851,0.9256330132484436,0,-0.05777110531926155,-0.938948929309845,0.33917006850242615,0,0,4.76700496673584,0,1,0.9827670454978943,-0.000011921929399250075,0.1848510354757309,0,-0.10650591552257538,0.8172918558120728,0.5662951469421387,0,-0.15108397603034973,-0.5762238502502441,0.8032061457633972,0,0,1.9788390398025513,0,1,-0.8732321858406067,0.28544506430625916,-0.39495083689689636,0,-0.4562329649925232,-0.7636679410934448,0.45679613947868347,0,-0.17122113704681396,0.5790787935256958,0.7970890402793884,0,-1.022987961769104,-0.6898429989814758,-0.09872400015592575,1,0.9859290719032288,0.16715283691883087,0.001924049574881792,0,-0.12767016887664795,0.7603758573532104,-0.6368120908737183,0,-0.10790795832872391,0.6276059746742249,0.7710171341896057,0,0,5.234388828277588,0,1,0.8911628127098083,0.16294708847999573,-0.4234112501144409,0,0.3054530918598175,0.47455987334251404,0.8255250453948975,0,0.3354507088661194,-0.8650090098381042,0.3731372058391571,0,0,4.769873142242432,0,1,0.9824281334877014,0.00001668708682700526,-0.1866425722837448,0,0.10731068253517151,0.8181359171867371,0.5649229884147644,0,0.15270842611789703,-0.5750249624252319,0.8037579655647278,0,0,1.9828089475631714,0,1
K0.034,0.8416278958320618,0.05806218832731247,-0.5369278192520142,0,0.03874366730451584,0.9851512312889099,0.16726230084896088,0,0.5386664867401123,-0.1615750938653946,0.8268808126449585,0,0.012050521560013294,10.899582862854004,-0.06491871923208237,1,0.9999987483024597,0.0014783010119572282,-0.0008721282356418669,0,-0.0015682763187214732,0.9934478402137756,-0.11427153646945953,0,0.0006974861025810242,0.11427275091409683,0.9934488534927368,0,0,1.2427419424057007,-0.1856590062379837,1,0.9999956488609314,-0.002565823495388031,-0.0016217193333432078,0,0.0026667641941457987,0.9978386759757996,0.06565545499324799,0,0.0014497542288154364,-0.06565950810909271,0.9978414177894592,0,0,1.4659559726715088,0,1,0.9999956488609314,-0.0025461697950959206,-0.0017093697097152472,0,0.0026529007591307163,0.9978386759757996,0.06565146893262863,0,0.0015385157894343138,-0.06565573811531067,0.9978413581848145,0,0,1.6753770112991333,0,1,0.9893910884857178,0.08967544883489609,0.11430014669895172,0,-0.12150455266237259,0.9420671463012695,0.31264379620552063,0,-0.07964187860488892,-0.32321470975875854,0.9429680109024048,0,0,1.8847999572753906,0,1,0.9111026525497437,0.12170124799013138,0.39380213618278503,0,-0.14057259261608124,0.9898820519447327,0.01931472308933735,0,-0.38746723532676697,-0.07295551896095276,0.9189924597740173,0,0,0.855912983417511,0.3470599949359894,1,0.529912531375885,0.0494939349591732,-0.8466066718101501,0,0.7912929654121399,-0.3879353702068329,0.4726109802722931,0,-0.30503740906715393,-0.9203565120697021,-0.24473603069782257,0,0.652642011642456,1.576030969619751,-0.03514900058507919,1,0.7824192047119141,0.3538820743560791,0.5124327540397644,0,-0.5664604306221008,0.7462924122810364,0.34952881932258606,0,-0.2587326765060425,-0.5637509226799011,0.7843736410140991,0,0,1.451390027999878,0,1,-0.09462374448776245,0.9912981986999512,-0.09150581061840057,0,-0.9917894005775452,-0.10181327909231186,-0.07737752050161362,0,-0.08602079004049301,0.08343283087015152,0.9927939772605896,0,0,3.2703590393066406,0,1,0.7485519051551819,0.3179240822792053,-0.5818880200386047,0,-0.35110440850257874,0.9344812631607056,0.058901771903038025,0,0.5624905824661255,0.1602126508951187,0.8111334443092346,0,0,2.8214590549468994,0,1,0.7019039988517761,0.6271979212760925,-0.3375691771507263,0,-0.44133901596069336,0.7549601197242737,0.48503178358078003,0,0.5590618848800659,-0.19146321713924408,0.8067160248756409,0,-0.3050509989261627,0.43549299240112305,0,1,0.8556013107299805,0.2016218602657318,-0.47675538063049316,0,0.4553208649158478,0.14497581124305725,0.8784450888633728,0,0.2462315559387207,-0.9686747789382935,0.032238833606243134,0,-0.06800000369548798,0.4198940098285675,0,1,0.9007179737091064,-0.20502184331417084,-0.38297995924949646,0,0.35053911805152893,0.8637447953224182,0.3620302677154541,0,0.25657299160957336,-0.4603368639945984,0.8498591184616089,0,-0.004792999941855669,0.4857949912548065,0,1,0.4319472908973694,0.6555708050727844,0.6193929314613342,0,-0.6902481913566589,-0.2017379105091095,0.6948809027671814,0,0.580498993396759,-0.7276871800422668,0.3653666079044342,0,0,0.9967560172080994,0,1,0.5830379128456116,0.6157098412513733,0.530064046382904,0,-0.6540418863296509,-0.03133927285671234,0.75580894947052,0,0.4819711148738861,-0.7873497605323792,0.3844282925128937,0,0.060189999639987946,0.5512700080871582,0,1,0.8499059081077576,0.5101593136787415,0.13190361857414246,0,-0.4870107173919678,0.664921224117279,0.5663039684295654,0,0.20119957625865936,-0.5455431938171387,0.8135730028152466,0,-0.026318000629544258,0.4993000030517578,0,1,0.2313842475414276,-0.02790520340204239,0.9724620580673218,0,-0.8902232050895691,-0.40923577547073364,0.20007342100143433,0,0.39238330721855164,-0.912002444267273,-0.11953260749578476,0,-0.652642011642456,1.5792399644851685,-0.05662799999117851,1,0.523885190486908,-0.28789111971855164,-0.801662266254425,0,0.6384350061416626,0.7557364702224731,0.1458180844783783,0,0.5638658404350281,-0.5882014036178589,0.5797191262245178,0,0,1.451390027999878,0,1,-0.26329413056373596,-0.9610844254493713,0.0836251899600029,0,0.9615774750709534,-0.26843637228012085,-0.0575462281703949,0,0.07775477319955826,0.06526046991348267,0.9948342442512512,0,0,3.2765069007873535,0,1,0.7715085744857788,-0.5743967294692993,0.2735730707645416,0,0.5673158764839172,0.8157351016998291,0.11282716691493988,0,-0.28797057271003723,0.06815517693758011,0.9552105069160461,0,0,2.8292040824890137,0,1,0.915382981300354,-0.40192005038261414,-0.02310091070830822,0,0.3765079379081726,0.8343671560287476,0.4025837779045105,0,-0.14253191649913788,-0.3772161900997162,0.9150919318199158,0,0.32116401195526123,0.5079699754714966,0,1,0.741456925868988,0.6663070917129517,0.07922911643981934,0,-0.5184569358825684,0.4939311146736145,0.6980220079421997,0,0.4259631633758545,-0.5586300492286682,0.711679995059967,0,0.08328499644994736,0.4735170006752014,0,1,0.964591920375824,0.24474914371967316,-0.0982859656214714,0,-0.2103358507156372,0.9386780858039856,0.2732068598270416,0,0.15912604331970215,-0.2428600937128067,0.9569209814071655,0,-0.002070999937132001,0.4775800108909607,0,1,0.2964852750301361,-0.6792305707931519,-0.6713743209838867,0,0.7111828923225403,-0.3121746778488159,0.6298927664756775,0,-0.637428343296051,-0.6642237305641174,0.39050185680389404,0,0,1.0201549530029297,0,1,0.5763829350471497,-0.6634252071380615,-0.477126806974411,0,0.6799259185791016,0.0654582679271698,0.7303531169891357,0,-0.453302800655365,-0.7453740239143372,0.48880910873413086,0,-0.07540299743413925,0.5894140005111694,0,1,0.7965559363365173,-0.5868669748306274,-0.14521025121212006,0,0.5674989819526672,0.643021821975708,0.5142641663551331,0,-0.20843125879764557,-0.4920467734336853,0.8452490568161011,0,0.0557279996573925,0.5480239987373352,0,1,-0.985886812210083,-0.14717169106006622,0.07979784905910492,0,0.1668074131011963,-0.8230373859405518,0.5429397225379944,0,-0.014228741638362408,0.5485883355140686,0.8359717130661011,0,1.022987961769104,-0.6898429989814758,-0.1812169998884201,1,0.9884870648384094,0.1136549562215805,0.09988182038068771,0,-0.01923653483390808,0.7491693496704102,-0.6620998978614807,0,-0.15007929503917694,0.6525556445121765,0.7427303194999695,0,0,5.231299877166748,0,1,0.9718834161758423,-0.11795486509799957,-0.20378904044628143,0,0.23174737393856049,0.32601049542427063,0.916520893573761,0,-0.04167070612311363,-0.9379787445068359,0.34417980909347534,0,0,4.76700496673584,0,1,0.9827670454978943,-0.000009961090654542204,0.18485097587108612,0,-0.10650592297315598,0.817298173904419,0.5662867426872253,0,-0.15108394622802734,-0.5762154459953308,0.8032123446464539,0,0,1.9788390398025513,0,1,-0.8566546440124512,0.28788095712661743,-0.4280970096588135,0,-0.4797327220439911,-0.7497261166572571,0.45581579208374023,0,-0.18973486125469208,0.5958489775657654,0.7803624868392944,0,-1.022987961769104,-0.6898429989814758,-0.09872400015592575,1,0.9829242825508118,0.18399842083454132,0.0021661194041371346,0,-0.13702382147312164,0.7397403717041016,-0.6587934494018555,0,-0.12281925976276398,0.6472469568252563,0.7523205876350403,0,0,5.234388828277588,0,1,0.8811443448066711,0.16686531901359558,-0.44242551922798157,0,0.32713213562965393,0.4604736864566803,0.8251959085464478,0,0.34142202138900757,-0.8718486428260803,0.35115692019462585,0,0,4.769873142242432,0,1,0.982337236404419,0.0009812117787078023,-0.18711835145950317,0,0.10772889852523804,0.8146715760231018,0.569828987121582,0,0.15299895405769348,-0.5799217224121094,0.800175666809082,0,0,1.9828089475631714,0,1
K0.069,0.8375937938690186,0.06333458423614502,-0.5426104068756104,0,0.048889629542827606,0.9805810451507568,0.1899232566356659,0,0.544102132320404,-0.18560653924942017,0.8182321190834045,0,-0.07681151479482651,10.818113327026367,-0.09495069086551666,1,0.9999790787696838,0.002995959483087063,-0.005699054338037968,0,-0.0036138822324573994,0.9937343597412109,-0.11170607805252075,0,0.005328681785613298,0.11172439157962799,0.9937249422073364,0,0,1.2427419424057007,-0.1856590062379837,1,0.999957799911499,-0.0022123504895716906,-0.008883577771484852,0,0.0028322506695985794,0.9975157380104065,0.07038567960262299,0,0.00870579294860363,-0.07040789723396301,0.9974802136421204,0,0,1.4659559726715088,0,1,0.9999577403068542,-0.0022019201423972845,-0.008907239884138107,0,0.0028235088102519512,0.9975157380104065,0.07038536667823792,0,0.008730132132768631,-0.07040756195783615,0.9974802136421204,0,0,1.6753770112991333,0,1,0.9881551861763,0.09437918663024902,0.12100330740213394,0,-0.12717823684215546,0.9449248313903809,0.30156686902046204,0,-0.08587737381458282,-0.3133837878704071,0.9457350969314575,0,0,1.8847999572753906,0,1,0.8981586694717407,0.13469526171684265,0.418530136346817,0,-0.14103832840919495,0.9898759126663208,-0.015905184671282768,0,-0.41643568873405457,-0.04474346339702606,0.9080637693405151,0,0,0.855912983417511,0.3470599949359894,1,0.5406842231750488,0.04886806383728981,-0.8398051857948303,0,0.782006561756134,-0.3971358835697174,0.4803631007671356,0,-0.3100423514842987,-0.916458010673523,-0.25294029712677,0,0.652642011642456,1.576030969619751,-0.03514900058507919,1,0.7910398244857788,0.3060097098350525,0.5297304391860962,0,-0.543009340763092,0.7500443458557129,0.37759050726890564,0,-0.2817748188972473,-0.5863375067710876,0.7594808340072632,0,0,1.451390027999878,0,1,-0.025073576718568802,0.9959726333618164,-0.08608023077249527,0,-0.9964656829833984,-0.031805090606212616,-0.07774195820093155,0,-0.08016668260097504,0.08382675796747208,0.9932504296302795,0,0,3.2703590393066406,0,1,0.7600284814834595,0.34952864050865173,-0.5478923916816711,0,-0.34083011746406555,0.9321891069412231,0.12189658731222153,0,0.5533456802368164,0.09409333765506744,0.8276200890541077,0,0,2.8214590549468994,0,1,0.701903760433197,0.6271981596946716,-0.3375699818134308,0,-0.44133877754211426,0.7549601197242737,0.48503196239471436,0,0.5590628981590271,-0.19146299362182617,0.8067160844802856,0,-0.3050509989261627,0.43549299240112305,0,1,0.8556009531021118,0.20162178575992584,-0.47675520181655884,0,0.455320805311203,0.14497613906860352,0.8784450888633728,0,0.2462318241596222,-0.9686751365661621,0.032239124178886414,0,-0.06800000369548798,0.4198940098285675,0,1,0.9007180333137512,-0.2050211876630783,-0.3829798996448517,0,0.3505387604236603,0.8637451529502869,0.36203083395957947,0,0.2565730810165405,-0.46033716201782227,0.8498589396476746,0,-0.004792999941855669,0.4857949912548065,0,1,0.43194693326950073,0.6555706262588501,0.6193934082984924,0,-0.6902480125427246,-0.20173898339271545,0.6948809623718262,0,0.5804994106292725,-0.7276868224143982,0.3653658330440521,0,0,0.9967560172080994,0,1,0.5830380320549011,0.6157094836235046,0.5300644636154175,0,-0.65404212474823,-0.03133942931890488,0.7558088898658752,0,0.48197054862976074,-0.7873497605323792,0.3844278156757355,0,0.060189999639987946,0.5512700080871582,0,1,0.8499058485031128,0.5101590752601624,0.1319042146205902,0,-0.4870108962059021,0.6649209260940552,0.5663041472434998,0,0.20119927823543549,-0.5455438494682312,0.8135730028152466,0,-0.026318000629544258,0.4993000030517578,0,1,0.2507239282131195,-0.02696448750793934,0.9676826000213623,0,-0.8865159749984741,-0.4079490303993225,0.2183263748884201,0,0.3888782560825348,-0.9126060605049133,-0.1261870414018631,0,-0.652642011642456,1.5792399644851685,-0.05662799999117851,1,0.48414918780326843,-0.27228879928588867,-0.8315399289131165,0,0.6543104648590088,0.7436282634735107,0.13745850324630737,0,0.5809283256530762,-0.6106358170509338,0.5381885170936584,0,0,1.451390027999878,0,1,-0.2622166574001312,-0.9613848924636841,0.08356072008609772,0,0.9618779420852661,-0.2673543691635132,-0.05756339803338051,0,0.07768084853887558,0.06528109312057495,0.9948389530181885,0,0,3.2765069007873535,0,1,0.7738592028617859,-0.5750089883804321,0.2655284106731415,0,0.5657035708427429,0.8160513639450073,0.1184878721833229,0,-0.28481653332710266,0.0585174560546875,0.9567937850952148,0,0,2.8292040824890137,0,1,0.9153829216957092,-0.4019200801849365,-0.02310090884566307,0,0.37650787830352783,0.8343669176101685,0.40258321166038513,0,-0.14253176748752594,-0.37721580266952515,0.9150921106338501,0,0.32116401195526123,0.5079699754714966,0,1,0.741456925868988,0.6663070917129517,0.07922911643981934,0,-0.5184569358825684,0.4939311146736145,0.6980220079421997,0,0.4259631633758545,-0.5586300492286682,0.711679995059967,0,0.08328499644994736,0.4735170006752014,0,1,0.964591920375824,0.24474911391735077,-0.09828607738018036,0,-0.2103358805179596,0.9386780261993408,0.27320587635040283,0,0.1591259241104126,-0.2428591400384903,0.9569209814071655,0,-0.002070999937132001,0.4775800108909607,0,1,0.2964848279953003,-0.6792313456535339,-0.671372652053833,0,0.7111828923225403,-0.31217363476753235,0.6298931837081909,0,-0.6374286413192749,-0.6642230749130249,0.3905033767223358,0,0,1.0201549530029297,0,1,0.5763823390007019,-0.6634249091148376,-0.47712698578834534,0,0.6799260973930359,0.06545770168304443,0.7303529977798462,0,-0.4533029794692993,-0.7453740835189819,0.48880887031555176,0,-0.07540299743413925,0.5894140005111694,0,1,0.7965558171272278,-0.5868663191795349,-0.1452101171016693,0,0.5674987435340881,0.6430221199989319,0.5142642855644226,0,-0.20843110978603363,-0.4920468330383301,0.8452490568161011,0,0.0557279996573925,0.5480239987373352,0,1,-0.9854409694671631,-0.15036378800868988,0.07935542613267899,0,0.16823303699493408,-0.794880747795105,0.582977831363678,0,-0.024580638855695724,0.5878399610519409,0.8086035847663879,0,1.022987961769104,-0.6898429989814758,-0.1812169998884201,1,0.9867931008338928,0.11986852437257767,0.1089516431093216,0,-0.01364360935986042,0.7317213416099548,-0.6814669370651245,0,-0.1614087074995041,0.6709805130958557,0.7236931324005127,0,0,5.231299877166748,0,1,0.9683286547660828,-0.12039434164762497,-0.21873289346694946,0,0.24657396972179413,0.3234228789806366,0.9135634303092957,0,-0.03924466297030449,-0.9385641813278198,0.3428660035133362,0,0,4.76700496673584,0,1,0.9827669262886047,-0.000008760392120166216,0.18484896421432495,0,-0.10650389641523361,0.8173052668571472,0.5662766695022583,0,-0.15108299255371094,-0.5762051343917847,0.8032196760177612,0,0,1.9788390398025513,0,1,-0.8515406250953674,0.2760489583015442,-0.4457310140132904,0,-0.49099770188331604,-0.7180048227310181,0.4933468699455261,0,-0.18384891748428345,0.638957142829895,0.7469488978385925,0,-1.022987961769104,-0.6898429989814758,-0.09872400015592575,1,0.9828503131866455,0.18381425738334656,-0.01473302859812975,0,-0.14247573912143707,0.7062291502952576,-0.6934992671012878,0,-0.11707019060850143,0.6837052702903748,0.7203068137168884,0,0,5.234388828277588,0,1,0.8891969323158264,0.16474637389183044,-0.4268350303173065,0,0.3205137848854065,0.44144609570503235,0.8380906581878662,0,0.3264971375465393,-0.8820343613624573,0.33972910046577454,0,0,4.769873142242432,0,1,0.9822788238525391,0.0015985373174771667,-0.18741855025291443,0,0.10799597948789597,0.8124465346336365,0.5729469060897827,0,0.15318340063095093,-0.5830340385437012,0.7978762984275818,0,0,1.9828089475631714,0,1
K0.103,0.8550769686698914,0.06540471315383911,-0.5143594145774841,0,0.05765864625573158,0.9738655686378479,0.219686821103096,0,0.5152851343154907,-0.2175063043832779,0.8289584517478943,0,-0.18047691881656647,10.732090950012207,-0.1279037445783615,1,0.9999015927314758,0.00401513185352087,-0.013470247387886047,0,-0.005469807423651218,0.9939430952072144,-0.10975722223520279,0,0.012947963550686836,0.10982004553079605,0.9938668012619019,0,0,1.2427419424057007,-0.1856590062379837,1,0.9997488856315613,-0.0010010122787207365,-0.02239205501973629,0,0.0026932659093290567,0.9971291422843933,0.0756719782948494,0,0.02225201018154621,-0.07571324706077576,0.9968808889389038,0,0,1.4659559726715088,0,1,0.999747633934021,-0.0009982052724808455,-0.02242995612323284,0,0.00269324635155499,0.9971295595169067,0.0756678506731987,0,0.022290047258138657,-0.07570918649435043,0.9968808889389038,0,0,1.6753770112991333,0,1,0.9873800873756409,0.09798435121774673,0.1244189590215683,0,-0.130701944231987,0.9478126764297485,0.29080522060394287,0,-0.08943147212266922,-0.30339697003364563,0.948657751083374,0,0,1.8847999572753906,0,1,0.8899861574172974,0.15194208920001984,0.4299279749393463,0,-0.1429065614938736,0.98829185962677,-0.053446780890226364,0,-0.4330151677131653,-0.013872629962861538,0.901279628276825,0,0,0.855912983417511,0.3470599949359894,1,0.530174970626831,0.04832664877176285,-0.8465096354484558,0,0.7843930125236511,-0.40702706575393677,0.46803396940231323,0,-0.3219338655471802,-0.9121362566947937,-0.25370264053344727,0,0.652642011642456,1.576030969619751,-0.03514900058507919,1,0.8023410439491272,0.2433478981256485,0.5450062155723572,0,-0.5099002122879028,0.7540833353996277,0.41395723819732666,0,-0.3102444112300873,-0.6100335121154785,0.7291149497032166,0,0,1.451390027999878,0,1,0.0605798214673996,0.9950014352798462,-0.07939326763153076,0,-0.9954931735992432,0.054412610828876495,-0.07766619324684143,0,-0.07295798510313034,0.0837404802441597,0.9938135743141174,0,0,3.2703590393066406,0,1,0.772273063659668,0.3771112263202667,-0.5112549662590027,0,-0.33031532168388367,0.9257788062095642,0.18391600251197815,0,0.5426657795906067,0.026841985061764717,0.8395196199417114,0,0,2.8214590549468994,0,1,0.7019039988517761,0.6271979212760925,-0.3375692069530487,0,-0.44133901596069336,0.7549601197242737,0.48503178358078003,0,0.5590619444847107,-0.19146320223808289,0.8067160248756409,0,-0.3050509989261627,0.43549299240112305,0,1,0.8556013107299805,0.2016218900680542,-0.47675538063049316,0,0.45532089471817017,0.1449756622314453,0.8784450888633728,0,0.24623149633407593,-0.9686747789382935,0.0322386771440506,0,-0.06800000369548798,0.4198940098285675,0,1,0.9007180333137512,-0.20502124726772308,-0.3829799294471741,0,0.35053882002830505,0.8637450933456421,0.36203083395957947,0,0.2565730810165405,-0.46033716201782227,0.8498589396476746,0,-0.004792999941855669,0.4857949912548065,0,1,0.43194693326950073,0.6555706858634949,0.6193933486938477,0,-0.6902480721473694,-0.2017388492822647,0.6948809623718262,0,0.5804993510246277,-0.7276868224143982,0.36536598205566406,0,0,0.9967560172080994,0,1,0.5830380320549011,0.6157088279724121,0.5300641655921936,0,-0.65404212474823,-0.03133910149335861,0.7558088898658752,0,0.4819701611995697,-0.7873499989509583,0.3844278156757355,0,0.060189999639987946,0.5512700080871582,0,1,0.8499051332473755,0.5101590156555176,0.1319037228822708,0,-0.4870108962059021,0.6649209260940552,0.5663042664527893,0,0.20119981467723846,-0.5455437302589417,0.8135731816291809,0,-0.026318000629544258,0.4993000030517578,0,1,0.26934248208999634,-0.025106480345129967,0.9627169370651245,0,-0.8826969861984253,-0.4061759114265442,0.2363625168800354,0,0.38509830832481384,-0.9134502410888672,-0.13156194984912872,0,-0.652642011642456,1.5792399644851685,-0.05662799999117851,1,0.4496101438999176,-0.27261048555374146,-0.850607693195343,0,0.6732221245765686,0.7292867302894592,0.12212006002664566,0,0.5870457887649536,-0.6275544166564941,0.5114222168922424,0,0,1.451390027999878,0,1,-0.2664676904678345,-0.9601927995681763,0.0838160440325737,0,0.9606848955154419,-0.27162277698516846,-0.05749215930700302,0,0.07796990871429443,0.06520102173089981,0.9948214888572693,0,0,3.2765069007873535,0,1,0.7845795154571533,-0.5627058148384094,0.26038020849227905,0,0.5496438145637512,0.8255504369735718,0.12790051102638245,0,-0.28692716360092163,0.042768221348524094,0.9569970965385437,0,0,2.8292040824890137,0,1,0.915382981300354,-0.401919960975647,-0.023101791739463806,0,0.37650808691978455,0.8343669176101685,0.4025830924510956,0,-0.1425308734178543,-0.3772159516811371,0.9150919914245605,0,0.32116401195526123,0.5079699754714966,0,1,0.7414571642875671,0.6663067936897278,0.07922906428575516,0,-0.5184563398361206,0.49393099546432495,0.6980218291282654,0,0.42596307396888733,-0.5586302280426025,0.7116798758506775,0,0.08328499644994736,0.4735170006752014,0,1,0.9645919799804688,0.24474918842315674,-0.09828606992959976,0,-0.21033594012260437,0.9386780858039856,0.2732059955596924,0,0.1591259390115738,-0.24285922944545746,0.9569209814071655,0,-0.002070999937132001,0.4775800108909607,0,1,0.29648470878601074,-0.6792312860488892,-0.671373724937439,0,0.7111830115318298,-0.31217479705810547,0.6298931837081909,0,-0.6374288201332092,-0.6642230749130249,0.3905024230480194,0,0,1.0201549530029297,0,1,0.5763829350471497,-0.6634252071380615,-0.477126806974411,0,0.6799259185791016,0.0654582679271698,0.7303531169891357,0,-0.4533028304576874,-0.7453740239143372,0.48880910873413086,0,-0.07540299743413925,0.5894140005111694,0,1,0.7965560555458069,-0.5868667960166931,-0.14521034061908722,0,0.5674991607666016,0.6430220603942871,0.5142648220062256,0,-0.20843134820461273,-0.49204713106155396,0.845248818397522,0,0.0557279996573925,0.5480239987373352,0,1,-0.9814589023590088,-0.16036473214626312,0.10498475283384323,0,0.19075408577919006,-0.7636268734931946,0.6168369650840759,0,-0.01874971017241478,0.6254262924194336,0.7800585031509399,0,1.022987961769104,-0.6898429989814758,-0.1812169998884201,1,0.9869390726089478,0.1088949516415596,0.11871261149644852,0,0.005685328971594572,0.7129178643226624,-0.7012248635292053,0,-0.16099217534065247,0.6927410364151001,0.7029873728752136,0,0,5.231299877166748,0,1,0.9695945978164673,-0.12404562532901764,-0.21094898879528046,0,0.2401958703994751,0.3174560070037842,0.9173476696014404,0,-0.04682597517967224,-0.9401248097419739,0.3375990092754364,0,0,4.76700496673584,0,1,0.9827669858932495,-0.000006641726486122934,0.1848488599061966,0,-0.10650385171175003,0.8173115253448486,0.5662674903869629,0,-0.15108293294906616,-0.5761963725090027,0.8032264113426208,0,0,1.9788390398025513,0,1,-0.8620701432228088,0.2487364113330841,-0.4415486752986908,0,-0.48136499524116516,-0.6743797659873962,0.5599100589752197,0,-0.15850147604942322,0.6952279210090637,0.7010956406593323,0,-1.022987961769104,-0.6898429989814758,-0.09872400015592575,1,0.9832720756530762,0.1820596158504486,-0.005531652830541134,0,-0.1283220797777176,0.670852541923523,-0.7304043769836426,0,-0.12926611304283142,0.7188954949378967,0.6829923391342163,0,0,5.234388828277588,0,1,0.8927971124649048,0.16332115232944489,-0.41980841755867004,0,0.31522247195243835,0.4392327070236206,0.8412544131278992,0,0.32178840041160583,-0.8834030032157898,0.3406633734703064,0,0,4.769873142242432,0,1,0.9821256399154663,0.0032323086634278297,-0.18819940090179443,0,0.10870495438575745,0.8065153956413269,0.581132709980011,0,0.1536642462015152,-0.591204047203064,0.7917487025260925,0,0,1.9828089475631714,0,1
