1.800,30,54,41
B0,mixamorig_Hips,-1,0.5689020156860352,0.03618500009179115,0.8216090202331543,0,0.029543999582529068,0.9974880218505859,-0.06438799947500229,0,-0.8218740224838257,0.06090399995446205,0.5664039850234985,0,0.5077210068702698,10.899624824523926,0.5534650087356567,1
B1,mixamorig_Spine,0,0.999763011932373,-0.01996999979019165,-0.008616999723017216,0,0.01921599917113781,0.9965940117835999,-0.08019399642944336,0,0.010188999585807323,0.08000999689102173,0.9967420101165771,0,0,1.2427419424057007,-0.1856590062379837,1
B2,mixamorig_Spine1,1,0.9998819828033447,-0.004497999791055918,-0.014702999964356422,0,0.006442000158131123,0.9908279776573181,0.13497400283813477,0,0.013961000367999077,-0.13505199551582336,0.9907400012016296,0,0,1.4659559726715088,0,1
B3,mixamorig_Spine2,2,0.9998900294303894,-0.004621000029146671,-0.014062999747693539,0,0.006477999966591597,0.990818977355957,0.13503900170326233,0,0.01331000030040741,-0.13511499762535095,0.9907410144805908,0,0,1.6753770112991333,0,1
B4,mixamorig_Neck,3,0.9913790225982666,-0.05989700183272362,-0.11653299629688263,0,0.07785099744796753,0.9846519827842712,0.15620499849319458,0,0.10538800060749054,-0.1639299988746643,0.9808260202407837,0,0,1.8847999572753906,0,1
B5,mixamorig_Head,4,0.8592280149459839,-0.23742400109767914,-0.4531640112400055,0,0.18825800716876984,0.9703720211982727,-0.15145300328731537,0,0.47569599747657776,0.04482100158929825,0.8784670233726501,0,0,0.855912983417511,0.3470599949359894,1
B6,mixamorig_HeadTop_End,5,1,0,0,0,0,1,0,0,0,0,1,0,0,2.8392999172210693,1.1512919664382935,1
B7,mixamorig_LeftShoulder,3,-0.056341998279094696,-0.004519999958574772,-0.9984009861946106,0,0.9771530032157898,-0.20550799369812012,-0.05421200022101402,0,-0.2049340009689331,-0.9786450266838074,0.015995999798178673,0,0.652642011642456,1.576030969619751,-0.03514900058507919,1
B8,mixamorig_LeftArm,7,0.8208789825439453,-0.25562700629234314,0.5106989741325378,0,-0.11321300268173218,0.8036500215530396,0.5842350125312805,0,-0.5597689747810364,-0.5374029874801636,0.6307590007781982,0,0,1.451390027999878,0,1
B9,mixamorig_LeftForeArm,8,-0.23383000493049622,0.9668740034103394,-0.10236600041389465,0,-0.9673519730567932,-0.24193599820137024,-0.07547099888324738,0,-0.09773699939250946,0.08137699961662292,0.9918799996376038,0,0,3.2703590393066406,0,1
B10,mixamorig_LeftHand,9,0.8812749981880188,-0.021126000210642815,-0.47213199734687805,0,0.014001999981701374,0.9997289776802063,-0.01859699934720993,0,0.47239699959754944,0.00977800041437149,0.8813319802284241,0,0,2.8214590549468994,0,1
B11,mixamorig_LeftHandThumb1,10,0.9650369882583618,0.2553420066833496,0.05919099971652031,0,-0.2336679995059967,0.9403989911079407,-0.247079998254776,0,-0.11875300109386444,0.22461099922657013,0.9671859741210938,0,-0.3050509989261627,0.43549299240112305,0,1
B12,mixamorig_LeftHandThumb2,11,0.9990109801292419,0.04101400077342987,0.017179999500513077,0,-0.04269399866461754,0.9927070140838623,0.11274100095033646,0,-0.012431000359356403,-0.11336299777030945,0.9934759736061096,0,-0.06800000369548798,0.4198940098285675,0,1
B13,mixamorig_LeftHandThumb3,12,0.9924960136413574,0.12219800055027008,0.004399999976158142,0,-0.12211599946022034,0.9923909902572632,-0.015755999833345413,0,-0.006291999947279692,0.01510000042617321,0.9998660087585449,0,-0.004792999941855669,0.4857949912548065,0,1
B14,mixamorig_LeftHandThumb4,13,1,0,0,0,0,1,0,0,0,0,1,0,0.07279200106859207,0.44150298833847046,0,1
B15,mixamorig_LeftHandIndex1,10,0.9722309708595276,0.2330559939146042,-0.02123500034213066,0,-0.22757799923419952,0.9627090096473694,0.14628300070762634,0,0.05453599989414215,-0.13738900423049927,0.9890149831771851,0,0,0.9967560172080994,0,1
B16,mixamorig_LeftHandIndex2,15,0.9993969798088074,-0.03407499939203262,0.006730999797582626,0,0.03282200172543526,0.9898970127105713,0.13793399930000305,0,-0.011362999677658081,-0.13762900233268738,0.9904189705848694,0,0.060189999639987946,0.5512700080871582,0,1
B17,mixamorig_LeftHandIndex3,16,0.9936500191688538,0.11250200122594833,-0.0019650000613182783,0,-0.11115200072526932,0.9841430187225342,0.13823199272155762,0,0.01748500019311905,-0.13713599741458893,0.9903979897499084,0,-0.026318000629544258,0.4993000030517578,0,1
B18,mixamorig_LeftHandIndex4,17,1,0,0,0,0,1,0,0,0,0,1,0,-0.033872999250888824,0.5011600255966187,0,1
B19,mixamorig_RightShoulder,3,-0.16131800413131714,0.028542999178171158,0.98649001121521,0,-0.979112982749939,-0.12996900081634521,-0.1563510000705719,0,0.1237500011920929,-0.9911069869995117,0.04891299828886986,0,-0.652642011642456,1.5792399644851685,-0.05662799999117851,1
B20,mixamorig_RightArm,19,0.42759600281715393,-0.830951988697052,-0.35592299699783325,0,0.7952929735183716,0.15862800180912018,0.5851029753684998,0,-0.429733008146286,-0.5332509875297546,0.7286790013313293,0,0,1.451390027999878,0,1
B21,mixamorig_RightForeArm,20,-0.16277499496936798,-0.9836059808731079,0.07761000096797943,0,0.9841099977493286,-0.16750599443912506,-0.05889400094747543,0,0.07092799991369247,0.06678999960422516,0.9952430129051208,0,0,3.2765069007873535,0,1
B22,mixamorig_RightHand,21,0.6735079884529114,-0.25109198689460754,0.6952260136604309,0,0.3938109874725342,0.9178289771080017,-0.0500200018286705,0,-0.6255390048027039,0.3074769973754883,0.7170490026473999,0,0,2.8292040824890137,0,1
B23,mixamorig_RightHandThumb1,22,0.9854050278663635,-0.11718899756669998,0.12346400320529938,0,0.1494549959897995,0.9428039789199829,-0.2979640066623688,0,-0.08148399740457535,0.31206798553466797,0.9465590119361877,0,0.32116401195526123,0.5079699754714966,0,1
B24,mixamorig_RightHandThumb2,23,0.997281014919281,-0.07198700308799744,-0.015742000192403793,0,0.07345899939537048,0.9880539774894714,0.13547100126743317,0,0.005801999941468239,-0.13625900447368622,0.9906560182571411,0,0.08328499644994736,0.4735170006752014,0,1
B25,mixamorig_RightHandThumb3,24,0.9853990077972412,-0.1700579971075058,0.008280999958515167,0,0.17023999989032745,0.9848530292510986,-0.0329120010137558,0,-0.0025579999200999737,0.03384099900722504,0.9994239807128906,0,-0.002070999937132001,0.4775800108909607,0,1
B26,mixamorig_RightHandThumb4,25,1,0,0,0,0,1,0,0,0,0,1,0,-0.08121500164270401,0.3971160054206848,0,1
B27,mixamorig_RightHandIndex1,22,0.9768779873847961,-0.20737899839878082,0.05199500173330307,0,0.2023089975118637,0.9752799868583679,0.08887699991464615,0,-0.06914100050926208,-0.07630299776792526,0.9946849942207336,0,0,1.0201549530029297,0,1
B28,mixamorig_RightHandIndex2,27,0.9892799854278564,0.14603400230407715,-0.0001340000017080456,0,-0.14559300243854523,0.9863659739494324,0.07671099901199341,0,0.011335000395774841,-0.07586900144815445,0.9970530271530151,0,-0.07540299743413925,0.5894140005111694,0,1
B29,mixamorig_RightHandIndex3,28,0.9908239841461182,-0.135003000497818,-0.00647599995136261,0,0.13509899377822876,0.9878290295600891,0.0770839974284172,0,-0.004009999800473452,-0.07725100219249725,0.997003972530365,0,0.0557279996573925,0.5480239987373352,0,1
B30,mixamorig_RightHandIndex4,29,1,0,0,0,0,1,0,0,0,0,1,0,0.019675999879837036,0.41751301288604736,0,1
B31,mixamorig_LeftUpLeg,0,-0.923084020614624,-0.2474440038204193,0.2944279909133911,0,0.32909199595451355,-0.9043599963188171,0.27171799540519714,0,0.19903400540351868,0.34771299362182617,0.9162319898605347,0,1.022987961769104,-0.6898429989814758,-0.1812169998884201,1
B32,mixamorig_LeftLeg,31,0.9959279894828796,-0.04403499886393547,-0.07866600155830383,0,-0.013795999810099602,0.7878649830818176,-0.6156929731369019,0,0.08908999711275101,0.6142709851264954,0.7840499877929688,0,0,5.231299877166748,0,1
B33,mixamorig_LeftFoot,32,0.9789130091667175,-0.2008640021085739,0.0371830016374588,0,0.04503700137138367,0.38975799083709717,0.9198160171508789,0,-0.1992499977350235,-0.8987450003623962,0.3905850052833557,0,0,4.76700496673584,0,1
B34,mixamorig_LeftToeBase,33,0.9827679991722107,0,0.18484599888324738,0,-0.10650099813938141,0.817333996295929,0.5662350058555603,0,-0.15108099579811096,-0.5761640071868896,0.8032500147819519,0,0,1.9788390398025513,0,1
B35,mixamorig_LeftToe_End,34,1,0,0,0,0,1,0,0,0,0,1,0,0,0.7514830231666565,0,1
B36,mixamorig_RightUpLeg,0,-0.8703470230102539,0.3581410050392151,-0.3379809856414795,0,-0.43735599517822266,-0.8776019811630249,0.19630199670791626,0,-0.22630900144577026,0.31866899132728577,0.9204530119895935,0,-1.022987961769104,-0.6898429989814758,-0.09872400015592575,1
B37,mixamorig_RightLeg,36,0.9855610132217407,0.06512399762868881,0.15629400312900543,0,0.03865300118923187,0.8121619820594788,-0.5821499824523926,0,-0.16484799981117249,0.5797860026359558,0.7979180216789246,0,0,5.234388828277588,0,1
B38,mixamorig_RightFoot,37,0.9709590077400208,0.23905299603939056,0.009657000191509724,0,-0.09434399753808975,0.34547799825668335,0.9336730241775513,0,0.2198610007762909,-0.9074680209159851,0.3579980134963989,0,0,4.769873142242432,0,1
B39,mixamorig_RightToeBase,38,0.982429027557373,0,-0.18663400411605835,0,0.10730300098657608,0.8181949853897095,0.5648379921913147,0,0.15270300209522247,-0.574940025806427,0.8038190007209778,0,0,1.9828089475631714,0,1
B40,mixamorig_RightToe_End,39,1,0,0,0,0,1,0,0,0,0,1,0,0,0.7492420077323914,0,1
@34,0,1,2,3,4,5,7,8,9,10,11,12,13,15,16,17,19,20,21,22,23,24,25,27,28,29,31,32,33,34,36,37,38,39
K0.000,0.568902313709259,0.03618498519062996,0.82160884141922,0,0.029543984681367874,0.9974880218505859,-0.0643879771232605,0,-0.82187420129776,0.060904018580913544,0.5664037466049194,0,0.5077210068702698,10.899624824523926,0.5534650087356567,1,0.999763011932373,-0.019970247521996498,-0.008616922423243523,0,0.01921575330197811,0.9965940117835999,-0.08019427210092545,0,0.010189076885581017,0.08000972121953964,0.9967420101165771,0,0,1.2427419424057007,-0.1856590062379837,1,0.9998820424079895,-0.004497990477830172,-0.014702985063195229,0,0.006442009937018156,0.9908280372619629,0.13497361540794373,0,0.013961016200482845,-0.1350523680448532,0.9907399415969849,0,0,1.4659559726715088,0,1,0.9998900294303894,-0.00462082726880908,-0.014063045382499695,0,0.006478172726929188,0.9908190369606018,0.1350388079881668,0,0.013309955596923828,-0.13511519134044647,0.990740954875946,0,0,1.6753770112991333,0,1,0.9913790822029114,-0.05989658087491989,-0.11653286218643188,0,0.07785141468048096,0.9846519827842712,0.1562047302722931,0,0.10538814216852188,-0.163930281996727,0.9808259606361389,0,0,1.8847999572753906,0,1,0.8592278957366943,-0.23742401599884033,-0.45316407084465027,0,0.18825799226760864,0.9703720211982727,-0.15145307779312134,0,0.475695937871933,0.04482092708349228,0.8784670233726501,0,0,0.855912983417511,0.3470599949359894,1,-0.056342270225286484,-0.004520561080425978,-0.9984009861946106,0,0.9771528840065002,-0.2055082768201828,-0.054212696850299835,0,-0.20493459701538086,-0.978644847869873,0.015996094793081284,0,0.652642011642456,1.576030969619751,-0.03514900058507919,1,0.8208791017532349,-0.2556265592575073,0.5106990337371826,0,-0.11321257799863815,0.8036502599716187,0.5842348337173462,0,-0.5597688555717468,-0.5374031662940979,0.6307589411735535,0,0,1.451390027999878,0,1,-0.2338300496339798,0.9668740034103394,-0.10236626863479614,0,-0.9673519134521484,-0.24193601310253143,-0.07547116279602051,0,-0.09773726761341095,0.0813768282532692,0.9918799996376038,0,0,3.2703590393066406,0,1,0.8812749981880188,-0.021125752478837967,-0.47213196754455566,0,0.014002246782183647,0.9997289776802063,-0.018596909940242767,0,0.4723968803882599,0.00977808516472578,0.8813319802284241,0,0,2.8214590549468994,0,1,0.9650370478630066,0.25534191727638245,0.059190891683101654,0,-0.23366810381412506,0.9403988718986511,-0.2470802217721939,0,-0.11875312030315399,0.22461079061031342,0.9671860933303833,0,-0.3050509989261627,0.43549299240112305,0,1,0.9990109801292419,0.041013989597558975,0.017180128023028374,0,-0.042694006115198135,0.9927070140838623,0.11274102330207825,0,-0.012430872768163681,-0.11336297541856766,0.9934759736061096,0,-0.06800000369548798,0.4198940098285675,0,1,0.9924959540367126,0.12219838052988052,0.004400075878947973,0,-0.1221156194806099,0.992391049861908,-0.015755778178572655,0,-0.0062919240444898605,0.015100221149623394,0.9998660087585449,0,-0.004792999941855669,0.4857949912548065,0,1,0.9722309708595276,0.23305583000183105,-0.02123531885445118,0,-0.22757817804813385,0.9627088904380798,0.1462833285331726,0,0.054535675793886185,-0.1373886615037918,0.9890150427818298,0,0,0.9967560172080994,0,1,0.9993969798088074,-0.034074943512678146,0.006730959750711918,0,0.032822053879499435,0.9898970723152161,0.13793352246284485,0,-0.011363038793206215,-0.13762947916984558,0.9904189705848694,0,0.060189999639987946,0.5512700080871582,0,1,0.9936500787734985,0.11250187456607819,-0.0019648969173431396,0,-0.11115213483572006,0.9841429591178894,0.13823209702968597,0,0.017485102638602257,-0.13713586330413818,0.9903980493545532,0,-0.026318000629544258,0.4993000030517578,0,1,-0.16131803393363953,0.028543192893266678,0.98649001121521,0,-0.9791129231452942,-0.12996885180473328,-0.15635116398334503,0,0.12375015765428543,-0.9911069869995117,0.04891331121325493,0,-0.652642011642456,1.5792399644851685,-0.05662799999117851,1,0.427595853805542,-0.830951988697052,-0.3559231758117676,0,0.7952929735183716,0.15862798690795898,0.5851030349731445,0,-0.4297332167625427,-0.5332508683204651,0.7286790013313293,0,0,1.451390027999878,0,1,-0.16277532279491425,-0.9836059212684631,0.07761012762784958,0,0.9841101169586182,-0.1675056666135788,-0.05889344587922096,0,0.07092811912298203,0.06679055094718933,0.9952428936958313,0,0,3.2765069007873535,0,1,0.6735082864761353,-0.2510920464992523,0.6952257752418518,0,0.3938109278678894,0.9178290367126465,-0.05002020299434662,0,-0.6255393028259277,0.30747678875923157,0.7170488834381104,0,0,2.8292040824890137,0,1,0.9854050278663635,-0.11718883365392685,0.12346382439136505,0,0.14945517480373383,0.9428039193153381,-0.29796409606933594,0,-0.08148417621850967,0.3120678961277008,0.9465590119361877,0,0.32116401195526123,0.5079699754714966,0,1,0.9972810745239258,-0.07198681682348251,-0.015742087736725807,0,0.0734591856598854,0.9880539774894714,0.13547095656394958,0,0.005801913794130087,-0.136259064078331,0.9906560182571411,0,0.08328499644994736,0.4735170006752014,0,1,0.985399067401886,-0.17005783319473267,0.008280678652226925,0,0.1702401489019394,0.9848529696464539,-0.032911915332078934,0,-0.0025583214592188597,0.0338410809636116,0.9994239807128906,0,-0.002070999937132001,0.4775800108909607,0,1,0.9768780469894409,-0.20737890899181366,0.05199503153562546,0,0.20230911672115326,0.9752799272537231,0.08887700736522675,0,-0.0691409781575203,-0.07630299776792526,0.9946850538253784,0,0,1.0201549530029297,0,1,0.989280104637146,0.14603380858898163,-0.00013422225310932845,0,-0.14559322595596313,0.9863659739494324,0.07671096920967102,0,0.011334777809679508,-0.07586903125047684,0.9970530271530151,0,-0.07540299743413925,0.5894140005111694,0,1,0.9908239245414734,-0.13500311970710754,-0.0064756800420582294,0,0.13509885966777802,0.9878290891647339,0.07708371430635452,0,-0.004009679891169071,-0.07725129276514053,0.997003972530365,0,0.0557279996573925,0.5480239987373352,0,1,-0.9230840802192688,-0.24744383990764618,0.2944280505180359,0,0.3290921747684479,-0.9043599367141724,0.27171820402145386,0,0.1990339457988739,0.34771275520324707,0.9162320494651794,0,1.022987961769104,-0.6898429989814758,-0.1812169998884201,1,0.9959279894828796,-0.04403526335954666,-0.07866575568914413,0,-0.013796265237033367,0.787865161895752,-0.6156927347183228,0,0.08909023553133011,0.6142711639404297,0.7840498089790344,0,0,5.231299877166748,0,1,0.9789130091667175,-0.20086419582366943,0.037182729691267014,0,0.04503682255744934,0.38975790143013,0.9198160767555237,0,-0.199250265955925,-0.8987448811531067,0.39058512449264526,0,0,4.76700496673584,0,1,0.9827679991722107,-2.538940293561609e-7,0.1848459392786026,0,-0.1065012514591217,0.817333996295929,0.5662348866462708,0,-0.15108105540275574,-0.5761640667915344,0.8032498955726624,0,0,1.9788390398025513,0,1,-0.8703470826148987,0.3581409156322479,-0.33798104524612427,0,-0.4373560845851898,-0.8776020407676697,0.19630210101604462,0,-0.2263089269399643,0.3186689019203186,0.9204530119895935,0,-1.022987961769104,-0.6898429989814758,-0.09872400015592575,1,0.985560953617096,0.06512421369552612,0.15629391372203827,0,0.03865322470664978,0.8121618628501892,-0.5821501016616821,0,-0.16484808921813965,0.5797858834266663,0.7979180812835693,0,0,5.234388828277588,0,1,0.970958948135376,0.23905311524868011,0.009656913578510284,0,-0.0943438783288002,0.3454781770706177,0.9336729645729065,0,0.21986089646816254,-0.9074680805206299,0.3579978942871094,0,0,4.769873142242432,0,1,0.982429027557373,1.8203623142198921e-7,-0.18663389980793,0,0.107303187251091,0.8181949853897095,0.5648380517959595,0,0.15270310640335083,-0.5749400854110718,0.8038190007209778,0,0,1.9828089475631714,0,1
K0.034,0.6063507199287415,0.04038912430405617,0.794171154499054,0,0.021006448194384575,0.9975472092628479,-0.06677066534757614,0,-0.7949202656745911,0.05716917663812637,0.6040152311325073,0,0.5350856184959412,10.850871086120605,0.5676475763320923,1,0.9998303651809692,-0.016509968787431717,-0.008125784806907177,0,0.015827741473913193,0.996838390827179,-0.0778651013970375,0,0.009385642595589161,0.07772327214479446,0.9969303607940674,0,0,1.2427419424057007,-0.1856590062379837,1,0.9999001622200012,-0.002230675658211112,-0.013924118131399155,0,0.004150389693677425,0.9902263879776001,0.13940571248531342,0,0.013477069325745106,-0.13944967091083527,0.9901374578475952,0,0,1.4659559726715088,0,1,0.9999082684516907,-0.0023364226799458265,-0.013361359015107155,0,0.004177321679890156,0.9902194738388062,0.13945941627025604,0,0.012904828414320946,-0.13950228691101074,0.9901373386383057,0,0,1.6753770112991333,0,1,0.9917881488800049,-0.0651550441980362,-0.1100500077009201,0,0.08137323707342148,0.9853349328041077,0.1499815136194229,0,0.09866398572921753,-0.15770487487316132,0.9825446009635925,0,0,1.8847999572753906,0,1,0.8775749206542969,-0.23820151388645172,-0.4160795211791992,0,0.18909575045108795,0.9694598913192749,-0.15617477893829346,0,0.4405736029148102,0.05837623402476311,0.8958168029785156,0,0,0.855912983417511,0.3470599949359894,1,-0.0493193082511425,-0.003994481638073921,-0.9987745881080627,0,0.977727472782135,-0.20444048941135406,-0.04746243357658386,0,-0.20400051772594452,-0.9788704514503479,0.013988464139401913,0,0.652642011642456,1.576030969619751,-0.03514900058507919,1,0.8262963891029358,-0.21013368666172028,0.5225679278373718,0,-0.17266729474067688,0.7886180877685547,0.5901426076889038,0,-0.5361154675483704,-0.5778631567955017,0.6153491735458374,0,0,1.451390027999878,0,1,-0.2252231389284134,0.968985378742218,-0.10169535875320435,0,-0.9694652557373047,-0.23327267169952393,-0.07563567161560059,0,-0.09701259434223175,0.08155521750450134,0.9919358491897583,0,0,3.2703590393066406,0,1,0.8796157836914062,-0.02192072942852974,-0.475180059671402,0,0.013797265477478504,0.9996929168701172,-0.02057684026658535,0,0.47548502683639526,0.011543521657586098,0.8796477317810059,0,0,2.8214590549468994,0,1,0.9650368690490723,0.2553423047065735,0.05919033661484718,0,-0.23366867005825043,0.9403989911079407,-0.2470802217721939,0,-0.11875268071889877,0.2246108055114746,0.9671861529350281,0,-0.3050509989261627,0.43549299240112305,0,1,0.9990109801292419,0.04101400077342987,0.01718010939657688,0,-0.04269399493932724,0.9927069544792175,0.11274002492427826,0,-0.012430891394615173,-0.11336198449134827,0.9934759736061096,0,-0.06800000369548798,0.4198940098285675,0,1,0.9924960136413574,0.12219887971878052,0.0044000716879963875,0,-0.1221161037683487,0.9923909902572632,-0.01575578935444355,0,-0.006291928235441446,0.01510023046284914,0.9998660087585449,0,-0.004792999941855669,0.4857949912548065,0,1,0.9722310304641724,0.23305584490299225,-0.021235868334770203,0,-0.22757813334465027,0.9627089500427246,0.14628289639949799,0,0.054536107927560806,-0.13738809525966644,0.9890149235725403,0,0,0.9967560172080994,0,1,0.9993969798088074,-0.03407492861151695,0.006730970460921526,0,0.03282207250595093,0.9898980259895325,0.13793310523033142,0,-0.011363029479980469,-0.1376289278268814,0.9904190301895142,0,0.060189999639987946,0.5512700080871582,0,1,0.9936500787734985,0.11250187456607819,-0.0019648969173431396,0,-0.11115213483572006,0.9841429591178894,0.13823209702968597,0,0.017485102638602257,-0.13713586330413818,0.9903980493545532,0,-0.026318000629544258,0.4993000030517578,0,1,-0.15743127465248108,0.02785688079893589,0.9871366024017334,0,-0.9794788956642151,-0.1317908763885498,-0.15249088406562805,0,0.12584766745567322,-0.9908861517906189,0.04803323373198509,0,-0.652642011642456,1.5792399644851685,-0.05662799999117851,1,0.4530174732208252,-0.8128600716590881,-0.3661070466041565,0,0.7916768789291382,0.17798426747322083,0.5844388008117676,0,-0.40990549325942993,-0.5545992851257324,0.7241522669792175,0,0,1.451390027999878,0,1,-0.1718619465827942,-0.9820155501365662,0.07815366238355637,0,0.9825195074081421,-0.17662960290908813,-0.058798328042030334,0,0.07154515385627747,0.06668233871459961,0.9952057600021362,0,0,3.2765069007873535,0,1,0.6606581211090088,-0.25331273674964905,0.7066560387611389,0,0.3999188244342804,0.9154080152511597,-0.045743782073259354,0,-0.6352914571762085,0.3128262460231781,0.7060766816139221,0,0,2.8292040824890137,0,1,0.9854049682617188,-0.11718924343585968,0.12346392124891281,0,0.1494556963443756,0.9428040981292725,-0.2979646325111389,0,-0.08148407936096191,0.3120683431625366,0.9465588927268982,0,0.32116401195526123,0.5079699754714966,0,1,0.9972810745239258,-0.07198682427406311,-0.015742069110274315,0,0.07345917820930481,0.9880539178848267,0.1354704648256302,0,0.005801930092275143,-0.1362585872411728,0.9906560778617859,0,0.08328499644994736,0.4735170006752014,0,1,0.985399067401886,-0.17005783319473267,0.008280678652226925,0,0.1702401489019394,0.9848529696464539,-0.032911915332078934,0,-0.0025583214592188597,0.0338410809636116,0.9994239807128906,0,-0.002070999937132001,0.4775800108909607,0,1,0.9768779873847961,-0.20737935602664948,0.05199500918388367,0,0.20230960845947266,0.9752800464630127,0.08887702971696854,0,-0.06914099305868149,-0.07630296796560287,0.9946850538253784,0,0,1.0201549530029297,0,1,0.989280104637146,0.14603380858898163,-0.00013424894132185727,0,-0.14559321105480194,0.9863658547401428,0.07671047002077103,0,0.011334733106195927,-0.07586853951215744,0.9970530271530151,0,-0.07540299743413925,0.5894140005111694,0,1,0.9908240437507629,-0.13500364124774933,-0.006475700065493584,0,0.13509933650493622,0.9878290295600891,0.07708371430635452,0,-0.004009699448943138,-0.07725128531455994,0.997003972530365,0,0.0557279996573925,0.5480239987373352,0,1,-0.9304810762405396,-0.2318207323551178,0.2836628556251526,0,0.31741780042648315,-0.896756112575531,0.30834001302719116,0,0.18289680778980255,0.3769441843032837,0.9079986810684204,0,1.022987961769104,-0.6898429989814758,-0.1812169998884201,1,0.9926289916038513,-0.061563197523355484,-0.10438912361860275,0,-0.019219739362597466,0.7704945206642151,-0.6371561884880066,0,0.11965671926736832,0.6344665288925171,0.763632595539093,0,0,5.231299877166748,0,1,0.9811776280403137,-0.18926365673542023,0.038333527743816376,0,0.037956029176712036,0.3836542069911957,0.9226962327957153,0,-0.1893398016691208,-0.9038745164871216,0.3836168646812439,0,0,4.76700496673584,0,1,0.9827679991722107,-9.539972012362341e-8,0.1848454475402832,0,-0.10650108754634857,0.8173350691795349,0.5662348866462708,0,-0.15108057856559753,-0.5761631727218628,0.8032499551773071,0,0,1.9788390398025513,0,1,-0.8574783205986023,0.3735113739967346,-0.3538638651371002,0,-0.45659446716308594,-0.8694303631782532,0.18871024250984192,0,-0.23717465996742249,0.32338738441467285,0.916061282157898,0,-1.022987961769104,-0.6898429989814758,-0.09872400015592575,1,0.9857949614524841,0.07681551575660706,0.1493566632270813,0,0.02902962826192379,0.7979649305343628,-0.6020042300224304,0,-0.16542468965053558,0.5977886915206909,0.7844001650810242,0,0,5.234388828277588,0,1,0.9696177840232849,0.24457547068595886,-0.004834071267396212,0,-0.07843983918428421,0.32957062125205994,0.9408669471740723,0,0.2317061424255371,-0.9119020700454712,0.3387420177459717,0,0,4.769873142242432,0,1,0.982429027557373,-2.7939489655182115e-7,-0.18663403391838074,0,0.1073036938905716,0.8181958198547363,0.5648382306098938,0,0.15270298719406128,-0.5749399065971375,0.8038191795349121,0,0,1.9828089475631714,0,1
K0.068,0.6395863890647888,0.04725097492337227,0.767266035079956,0,0.019797876477241516,0.99676513671875,-0.07788769155740738,0,-0.7684647440910339,0.06500617414712906,0.6365822553634644,0,0.5456193089485168,10.784797668457031,0.5967022776603699,1,0.9998419880867004,-0.014533105306327343,-0.01024563703685999,0,0.013744871132075787,0.9972221851348877,-0.07320525497198105,0,0.011281071230769157,0.07305282354354858,0.9972638487815857,0,0,1.2427419424057007,-0.1856590062379837,1,0.9998428821563721,0.0003355241206008941,-0.01774333231151104,0,0.0023044124245643616,0.9889017939567566,0.14855442941188812,0,0.017596237361431122,-0.14857181906700134,0.9887445569038391,0,0,1.4659559726715088,0,1,0.9998521208763123,0.0002372412127442658,-0.017202066257596016,0,0.0023222805466502905,0.9888914823532104,0.14861837029457092,0,0.017046231776475906,-0.1486363261938095,0.9887445569038391,0,0,1.6753770112991333,0,1,0.9924526214599609,-0.0698322281241417,-0.1008068099617958,0,0.08423841744661331,0.9856062531471252,0.14657297730445862,0,0.08912026882171631,-0.1539584845304489,0.9840496778488159,0,0,1.8847999572753906,0,1,0.8991912007331848,-0.23712727427482605,-0.367731511592865,0,0.19288372993469238,0.969170331954956,-0.15331119298934937,0,0.39274874329566956,0.06692665815353394,0.9172074198722839,0,0,0.855912983417511,0.3470599949359894,1,-0.04111703857779503,-0.0034406508784741163,-0.9991487264633179,0,0.9784243106842041,-0.20278209447860718,-0.03956583887338638,0,-0.20247313380241394,-0.9792174696922302,0.01170414499938488,0,0.652642011642456,1.576030969619751,-0.03514900058507919,1,0.824988067150116,-0.1524706929922104,0.5441949367523193,0,-0.25416070222854614,0.759954571723938,0.5982237458229065,0,-0.504774808883667,-0.6318402290344238,0.588201105594635,0,0,1.451390027999878,0,1,-0.2184152603149414,0.9705986976623535,-0.10116391628980637,0,-0.971078634262085,-0.22641976177692413,-0.07576131075620651,0,-0.09643929451704025,0.08169067651033401,0.9919807314872742,0,0,3.2703590393066406,0,1,0.8791135549545288,-0.02194902114570141,-0.4761072099208832,0,0.013693169690668583,0.999689519405365,-0.020802786573767662,0,0.4764159321784973,0.011768592521548271,0.8791410326957703,0,0,2.8214590549468994,0,1,0.9650369882583618,0.25534194707870483,0.059190891683101654,0,-0.23366811871528625,0.9403988718986511,-0.24708020687103271,0,-0.11875312030315399,0.22461077570915222,0.9671860933303833,0,-0.3050509989261627,0.43549299240112305,0,1,0.9990109801292419,0.04101400077342987,0.01718010939657688,0,-0.04269399493932724,0.9927069544792175,0.11274002492427826,0,-0.012430891394615173,-0.11336198449134827,0.9934759736061096,0,-0.06800000369548798,0.4198940098285675,0,1,0.9924959540367126,0.12219840288162231,0.004400046542286873,0,-0.12211563438177109,0.992391049861908,-0.015756258741021156,0,-0.006291953846812248,0.01510070264339447,0.9998660087585449,0,-0.004792999941855669,0.4857949912548065,0,1,0.9722309708595276,0.23305581510066986,-0.021235380321741104,0,-0.22757816314697266,0.9627089500427246,0.1462828516960144,0,0.05453561991453171,-0.13738815486431122,0.9890149831771851,0,0,0.9967560172080994,0,1,0.9993969798088074,-0.034074947237968445,0.006730951368808746,0,0.03282205015420914,0.9898970127105713,0.13793401420116425,0,-0.011363049037754536,-0.13762998580932617,0.9904190301895142,0,0.060189999639987946,0.5512700080871582,0,1,0.9936500787734985,0.11250187456607819,-0.0019648969173431396,0,-0.11115213483572006,0.9841429591178894,0.13823209702968597,0,0.017485102638602257,-0.13713586330413818,0.9903980493545532,0,-0.026318000629544258,0.4993000030517578,0,1,-0.15372951328754425,0.027203474193811417,0.9877381324768066,0,-0.9798020124435425,-0.13357488811016083,-0.14881551265716553,0,0.12788866460323334,-0.9906650185585022,0.04718839377164841,0,-0.652642011642456,1.5792399644851685,-0.05662799999117851,1,0.4831027388572693,-0.7892383337020874,-0.3790980577468872,0,0.7878511548042297,0.20295710861682892,0.581463098526001,0,-0.38197216391563416,-0.5795789957046509,0.7198511362075806,0,0,1.451390027999878,0,1,-0.17403854429721832,-0.9816221594810486,0.07828357815742493,0,0.9821251630783081,-0.17881503701210022,-0.058775581419467926,0,0.07169376313686371,0.06665511429309845,0.9951974749565125,0,0,3.2765069007873535,0,1,0.6597262620925903,-0.24970145523548126,0.7088098526000977,0,0.4016868770122528,0.9143123626708984,-0.05177447572350502,0,-0.6351449489593506,0.31887635588645935,0.7034971117973328,0,0,2.8292040824890137,0,1,0.9854050278663635,-0.11718877404928207,0.12346384674310684,0,0.1494552046060562,0.9428040385246277,-0.29796460270881653,0,-0.08148415386676788,0.3120683431625366,0.9465588927268982,0,0.32116401195526123,0.5079699754714966,0,1,0.9972810745239258,-0.07198681682348251,-0.015742087736725807,0,0.0734591856598854,0.9880539774894714,0.13547095656394958,0,0.005801913794130087,-0.136259064078331,0.9906560182571411,0,0.08328499644994736,0.4735170006752014,0,1,0.985399067401886,-0.17005783319473267,0.008280678652226925,0,0.1702401489019394,0.9848529696464539,-0.032911915332078934,0,-0.0025583214592188597,0.0338410809636116,0.9994239807128906,0,-0.002070999937132001,0.4775800108909607,0,1,0.9768780469894409,-0.20737890899181366,0.05199503153562546,0,0.20230911672115326,0.9752799272537231,0.08887700736522675,0,-0.0691409781575203,-0.07630299776792526,0.9946850538253784,0,0,1.0201549530029297,0,1,0.989280104637146,0.14603379368782043,-0.00013374147238209844,0,-0.14559324085712433,0.9863659739494324,0.07671093195676804,0,0.011334297247231007,-0.07586906850337982,0.9970530271530151,0,-0.07540299743413925,0.5894140005111694,0,1,0.9908239245414734,-0.13500311970710754,-0.0064756800420582294,0,0.13509885966777802,0.9878290891647339,0.07708371430635452,0,-0.004009679891169071,-0.07725129276514053,0.997003972530365,0,0.0557279996573925,0.5480239987373352,0,1,-0.9376076459884644,-0.2172456532716751,0.2714689075946808,0,0.3033808171749115,-0.8925953507423401,0.3335179090499878,0,0.16985660791397095,0.3950675129890442,0.902812659740448,0,1.022987961769104,-0.6898429989814758,-0.1812169998884201,1,0.9885613322257996,-0.07952698320150375,-0.1281498670578003,0,-0.026092223823070526,0.7466915845870972,-0.6646584272384644,0,0.14854665100574493,0.6603991389274597,0.736075222492218,0,0,5.231299877166748,0,1,0.9831341505050659,-0.17871113121509552,0.038846250623464584,0,0.030594592913985252,0.3701302707195282,0.9284760355949402,0,-0.18030719459056854,-0.911628007888794,0.36935535073280334,0,0,4.76700496673584,0,1,0.9827679991722107,-2.884417824589036e-7,0.18484598398208618,0,-0.10650128126144409,0.8173338770866394,0.5662351250648499,0,-0.15108098089694977,-0.5761638283729553,0.803249180316925,0,0,1.9788390398025513,0,1,-0.8388631939888,0.3963121473789215,-0.37315624952316284,0,-0.48213353753089905,-0.8591763973236084,0.17135457694530487,0,-0.25269725918769836,0.32365432381629944,0.911807119846344,0,-1.022987961769104,-0.6898429989814758,-0.09872400015592575,1,0.9859355688095093,0.08909385651350021,0.14139799773693085,0,0.01972963847219944,0.7780919671058655,-0.6278403401374817,0,-0.16595742106437683,0.6218000054359436,0.7653909921646118,0,0,5.234388828277588,0,1,0.9689345955848694,0.24728193879127502,-0.004202531185001135,0,-0.07435066998004913,0.307453453540802,0.9486539363861084,0,0.23587699234485626,-0.9188708662986755,0.3162877857685089,0,0,4.769873142242432,0,1,0.9824300408363342,1.6669532953983435e-7,-0.18663395941257477,0,0.10730316489934921,0.8181957602500916,0.5648382306098938,0,0.15270304679870605,-0.5749398469924927,0.8038191795349121,0,0,1.9828089475631714,0,1
K0.102,0.6542723774909973,0.05499633401632309,0.754257082939148,0,0.03080051578581333,0.994587242603302,-0.09923748672008514,0,-0.7556316256523132,0.08815979212522507,0.6490365862846375,0,0.5138410329818726,10.709619522094727,0.6338550448417664,1,0.9997398853302002,-0.016496732831001282,-0.015757562592625618,0,0.015389034524559975,0.9975662231445312,-0.0680023729801178,0,0.016841037198901176,0.06774221360683441,0.9975610971450806,0,0,1.2427419424057007,-0.1856590062379837,1,0.9996268153190613,0.0023738807067275047,-0.02719787135720253,0,0.001977745443582535,0.9872984886169434,0.15886302292346954,0,0.027229560539126396,-0.15885765850543976,0.9869261980056763,0,0,1.4659559726715088,0,1,0.9996454119682312,0.002261478453874588,-0.02653982676565647,0,0.0019871550612151623,0.9872806668281555,0.15897482633590698,0,0.02656177431344986,-0.15897120535373688,0.9869260787963867,0,0,1.6753770112991333,0,1,0.9932618141174316,-0.07097529619932175,-0.09161117672920227,0,0.0851057842373848,0.9832900762557983,0.16093038022518158,0,0.07865827530622482,-0.16764263808727264,0.9827048778533936,0,0,1.8847999572753906,0,1,0.9177066087722778,-0.22879111766815186,-0.32475975155830383,0,0.19236639142036438,0.9711965322494507,-0.14061236381530762,0,0.34757640957832336,0.0665680393576622,0.935285210609436,0,0,0.855912983417511,0.3470599949359894,1,-0.03449774906039238,-0.003050996921956539,-0.9994001388549805,0,0.9790179133415222,-0.20105494558811188,-0.03318032622337341,0,-0.20083297789096832,-0.9795749187469482,0.009922832250595093,0,0.652642011642456,1.576030969619751,-0.03514900058507919,1,0.8205202221870422,-0.094936802983284,0.5636783838272095,0,-0.33245325088500977,0.7229182124137878,0.6056932210922241,0,-0.4649960696697235,-0.6843804717063904,0.5616071224212646,0,0,1.451390027999878,0,1,-0.2114182412624359,0.9722025990486145,-0.10061816871166229,0,-0.972684383392334,-0.21937692165374756,-0.07588670402765274,0,-0.09585057944059372,0.08182590454816818,0.9920268058776855,0,0,3.2703590393066406,0,1,0.8784435987472534,-0.021562203764915466,-0.4773596227169037,0,0.013477444648742676,0.9997018575668335,-0.02035488933324814,0,0.4776562452316284,0.011447034776210785,0.8784723877906799,0,0,2.8214590549468994,0,1,0.965036928653717,0.2553423345088959,0.05919091776013374,0,-0.23366861045360565,0.940399169921875,-0.24707980453968048,0,-0.1187530979514122,0.22461020946502686,0.9671859741210938,0,-0.3050509989261627,0.43549299240112305,0,1,0.9990109801292419,0.04101400077342987,0.01718010939657688,0,-0.04269399493932724,0.9927069544792175,0.11274007707834244,0,-0.012430890463292599,-0.11336203664541245,0.9934759736061096,0,-0.06800000369548798,0.4198940098285675,0,1,0.9924960136413574,0.12219882756471634,0.004400072619318962,0,-0.12211605161428452,0.9923909902572632,-0.015755780041217804,0,-0.006291927304118872,0.015100221149623394,0.9998660087585449,0,-0.004792999941855669,0.4857949912548065,0,1,0.9722309708595276,0.23305581510066986,-0.021235380321741104,0,-0.22757816314697266,0.9627089500427246,0.1462828516960144,0,0.05453561991453171,-0.13738815486431122,0.9890149831771851,0,0,0.9967560172080994,0,1,0.9993969798088074,-0.034074947237968445,0.006730979308485985,0,0.03282205015420914,0.9898970127105713,0.13793401420116425,0,-0.011363076977431774,-0.13762998580932617,0.9904190301895142,0,0.060189999639987946,0.5512700080871582,0,1,0.9936500787734985,0.11250187456607819,-0.0019648969173431396,0,-0.11115213483572006,0.9841429591178894,0.13823209702968597,0,0.017485102638602257,-0.13713586330413818,0.9903980493545532,0,-0.026318000629544258,0.4993000030517578,0,1,-0.14356471598148346,0.025310656055808067,0.9893177151679993,0,-0.9804679751396179,-0.13943010568618774,-0.1387132853269577,0,0.13442964851856232,-0.9899081587791443,0.0448334701359272,0,-0.652642011642456,1.5792399644851685,-0.05662799999117851,1,0.5134729146957397,-0.7634129524230957,-0.39185091853141785,0,0.7822580933570862,0.22872593998908997,0.5794448256492615,0,-0.35272908210754395,-0.6040574908256531,0.7146302461624146,0,0,1.451390027999878,0,1,-0.14948688447475433,-0.9857756495475769,0.0768146812915802,0,0.9862808585166931,-0.15416286885738373,-0.05902431532740593,0,0.0700267106294632,0.06693750619888306,0.9952970147132874,0,0,3.2765069007873535,0,1,0.671872079372406,-0.2545481324195862,0.6955525279045105,0,0.40586909651756287,0.9120721220970154,-0.058264292776584625,0,-0.6195630431175232,0.3214494287967682,0.716109037399292,0,0,2.8292040824890137,0,1,0.9854050278663635,-0.11718877404928207,0.12346384674310684,0,0.1494552046060562,0.9428040385246277,-0.29796460270881653,0,-0.08148415386676788,0.3120683431625366,0.9465588927268982,0,0.32116401195526123,0.5079699754714966,0,1,0.9972810745239258,-0.07198681682348251,-0.015742087736725807,0,0.0734591856598854,0.9880539774894714,0.13547095656394958,0,0.005801913794130087,-0.136259064078331,0.9906560182571411,0,0.08328499644994736,0.4735170006752014,0,1,0.985399067401886,-0.17005780339241028,0.00828067772090435,0,0.170240119099617,0.9848529696464539,-0.032911915332078934,0,-0.002558321924880147,0.0338410809636116,0.9994239807128906,0,-0.002070999937132001,0.4775800108909607,0,1,0.9768780469894409,-0.20737893879413605,0.05199502781033516,0,0.20230914652347565,0.9752799272537231,0.08887700736522675,0,-0.0691409781575203,-0.07630299776792526,0.9946850538253784,0,0,1.0201549530029297,0,1,0.989280104637146,0.14603380858898163,-0.00013422660413198173,0,-0.14559322595596313,0.9863659739494324,0.07671090960502625,0,0.01133477408438921,-0.07586897164583206,0.9970530271530151,0,-0.07540299743413925,0.5894140005111694,0,1,0.9908239245414734,-0.13500311970710754,-0.006475677713751793,0,0.13509885966777802,0.9878290891647339,0.07708368450403214,0,-0.004009678028523922,-0.07725126296281815,0.997003972530365,0,0.0557279996573925,0.5480239987373352,0,1,-0.9389792084693909,-0.21390530467033386,0.26937535405158997,0,0.29888027906417847,-0.8950008749961853,0.33112508058547974,0,0.17026183009147644,0.39143067598342896,0.904319703578949,0,1.022987961769104,-0.6898429989814758,-0.1812169998884201,1,0.9856448173522949,-0.09477508813142776,-0.13971790671348572,0,-0.02916436269879341,0.7195460796356201,-0.6938319206237793,0,0.16629153490066528,0.6879469752311707,0.7064532041549683,0,0,5.231299877166748,0,1,0.9846454858779907,-0.17130734026432037,0.03356455639004707,0,0.028616659343242645,0.34807732701301575,0.9370285272598267,0,-0.17220301926136017,-0.9216809868812561,0.3476352393627167,0,0,4.76700496673584,0,1,0.9827679991722107,-8.738006584962932e-8,0.184845432639122,0,-0.10650108754634857,0.8173350691795349,0.5662348866462708,0,-0.15108056366443634,-0.5761631727218628,0.8032499551773071,0,0,1.9788390398025513,0,1,-0.8226991891860962,0.4200170338153839,-0.3830815553665161,0,-0.5039454698562622,-0.8506895303726196,0.14955413341522217,0,-0.2630681097507477,0.3160901963710785,0.9115270376205444,0,-1.022987961769104,-0.6898429989814758,-0.09872400015592575,1,0.9859939217567444,0.09413868188858032,0.1376718431711197,0,0.019785771146416664,0.7536147832870483,-0.6570184826850891,0,-0.1656024158000946,0.650540292263031,0.7411971092224121,0,0,5.234388828277588,0,1,0.9689385294914246,0.24681918323040009,0.01545835193246603,0,-0.08642429113388062,0.27938374876976013,0.956281840801239,0,0.23171000182628632,-0.9279146790504456,0.2920370101928711,0,0,4.769873142242432,0,1,0.9824299812316895,1.5873514769282338e-7,-0.18663398921489716,0,0.10730316489934921,0.8181949853897095,0.5648380517959595,0,0.15270303189754486,-0.5749400854110718,0.8038190007209778,0,0,1.9828089475631714,0,1
