1.667,30,51,41
B0,mixamorig_Hips,-1,0.5110849738121033,0.01747800037264824,0.8593519926071167,0,0.06781700253486633,0.995855987071991,-0.06058700010180473,0,-0.8568509817123413,0.08924400061368942,0.507781982421875,0,-0.1515910029411316,10.94839859008789,0.1559319943189621,1
B1,mixamorig_Spine,0,0.9998049736022949,0.0044189998880028725,-0.01922300085425377,0,-0.006238000001758337,0.995398998260498,-0.09561199694871902,0,0.0187120009213686,0.09571299701929092,0.9952329993247986,0,0,1.2427419424057007,-0.1856590062379837,1
B2,mixamorig_Spine1,1,0.9982609748840332,0.05490799993276596,-0.021455999463796616,0,-0.05236100032925606,0.9930710196495056,0.10520800203084946,0,0.027084000408649445,-0.10390199720859528,0.9942190051078796,0,0,1.4659559726715088,0,1
B3,mixamorig_Spine2,2,0.9982810020446777,0.054792001843452454,-0.020793000236153603,0,-0.052310001105070114,0.993054986000061,0.10538300126791,0,0.026422999799251556,-0.10411400347948074,0.9942139983177185,0,0,1.6753770112991333,0,1
B4,mixamorig_Neck,3,0.9925810098648071,-0.05131800100207329,-0.11022000014781952,0,0.0708409994840622,0.980879008769989,0.1812649965286255,0,0.09881100058555603,-0.18772800266742706,0.9772379994392395,0,0,1.8847999572753906,0,1
B5,mixamorig_Head,4,0.8551120162010193,-0.24592599272727966,-0.4564020037651062,0,0.25688499212265015,0.9656540155410767,-0.03903200104832649,0,0.45032501220703125,-0.08386600017547607,0.8889170289039612,0,0,0.855912983417511,0.3470599949359894,1
B6,mixamorig_HeadTop_End,5,1,0,0,0,0,1,0,0,0,0,1,0,0,2.8392999172210693,1.1512919664382935,1
B7,mixamorig_LeftShoulder,3,-0.052218999713659286,0.0028460000175982714,-0.99863201379776,0,0.9608250260353088,-0.2724199891090393,-0.05101799964904785,0,-0.27219200134277344,-0.9621739983558655,0.011490999720990658,0,0.652642011642456,1.576030969619751,-0.03514900058507919,1
B8,mixamorig_LeftArm,7,0.9049440026283264,-0.11363200098276138,0.4100790023803711,0,-0.14645199477672577,0.8216490149497986,0.5508589744567871,0,-0.39953601360321045,-0.5585529804229736,0.7269039750099182,0,0,1.451390027999878,0,1
B9,mixamorig_LeftForeArm,8,-0.1443990021944046,0.9849110245704651,-0.0953890010714531,0,-0.9853990077972412,-0.1519159972667694,-0.07687900215387344,0,-0.09020999819040298,0.08289500325918198,0.9924669861793518,0,0,3.2703590393066406,0,1
B10,mixamorig_LeftHand,9,0.8528109788894653,-0.021681999787688255,-0.5217700004577637,0,0.008596999570727348,0.999584972858429,-0.027487000450491905,0,0.5221490263938904,0.01895499974489212,0.8526440262794495,0,0,2.8214590549468994,0,1
B11,mixamorig_LeftHandThumb1,10,0.973459005355835,0.22582800686359406,0.037129998207092285,0,-0.21206900477409363,0.9510849714279175,-0.22464199364185333,0,-0.08604499697685242,0.2108059972524643,0.9737340211868286,0,-0.3050509989261627,0.43549299240112305,0,1
B12,mixamorig_LeftHandThumb2,11,0.9990109801292419,0.04101400077342987,0.017179999500513077,0,-0.04269399866461754,0.9927070140838623,0.11274000257253647,0,-0.012431000359356403,-0.11336199939250946,0.9934759736061096,0,-0.06800000369548798,0.4198940098285675,0,1
B13,mixamorig_LeftHandThumb3,12,0.9924960136413574,0.12219800055027008,0.004399999976158142,0,-0.12211599946022034,0.9923909902572632,-0.015755999833345413,0,-0.006291999947279692,0.01510000042617321,0.9998660087585449,0,-0.004792999941855669,0.4857949912548065,0,1
B14,mixamorig_LeftHandThumb4,13,1,0,0,0,0,1,0,0,0,0,1,0,0.07279200106859207,0.44150298833847046,0,1
B15,mixamorig_LeftHandIndex1,10,0.9830459952354431,0.1801690012216568,-0.03405800089240074,0,-0.17672300338745117,0.9804980158805847,0.08598300069570541,0,0.048886001110076904,-0.0785060003399849,0.995714008808136,0,0,0.9967560172080994,0,1
B16,mixamorig_LeftHandIndex2,15,0.9960430264472961,-0.08878500014543533,0.003916999790817499,0,0.08820199966430664,0.9929789900779724,0.07882200181484222,0,-0.010888000018894672,-0.07816500216722488,0.9968810081481934,0,0.060189999639987946,0.5512700080871582,0,1
B17,mixamorig_LeftHandIndex3,16,0.9983260035514832,0.05770700052380562,-0.0039160000160336494,0,-0.05722000077366829,0.9952470064163208,0.07880000025033951,0,0.008445000275969505,-0.0784439966082573,0.996882975101471,0,-0.026318000629544258,0.4993000030517578,0,1
B18,mixamorig_LeftHandIndex4,17,1,0,0,0,0,1,0,0,0,0,1,0,-0.033872999250888824,0.5011600255966187,0,1
B19,mixamorig_RightShoulder,3,-0.30892300605773926,0.05677599832415581,0.9493910074234009,0,-0.9493799805641174,-0.07818199694156647,-0.3042440116405487,0,0.05695100128650665,-0.9953209757804871,0.07805400341749191,0,-0.652642011642456,1.5792399644851685,-0.05662799999117851,1
B20,mixamorig_RightArm,19,0.055417999625205994,-0.9511860013008118,-0.303600013256073,0,0.8560119867324829,-0.1112620010972023,0.5048400163650513,0,-0.5139769911766052,-0.28786298632621765,0.8080610036849976,0,0,1.451390027999878,0,1
B21,mixamorig_RightForeArm,20,-0.09382499754428864,-0.9928730130195618,0.07348299771547318,0,0.9933819770812988,-0.09827300161123276,-0.05944899842143059,0,0.06624700129032135,0.06741899996995926,0.9955229759216309,0,0,3.2765069007873535,0,1
B22,mixamorig_RightHand,21,0.44359999895095825,-0.14435699582099915,0.8845229744911194,0,0.19428500533103943,0.9789630174636841,0.06233299896121025,0,-0.8749129772186279,0.14419899880886078,0.46231400966644287,0,0,2.8292040824890137,0,1
B23,mixamorig_RightHandThumb1,22,0.9888409972190857,-0.13981999456882477,0.05141700059175491,0,0.14634199440479279,0.9762740135192871,-0.15960299968719482,0,-0.02788200043141842,0.16534599661827087,0.9858409762382507,0,0.32116401195526123,0.5079699754714966,0,1
B24,mixamorig_RightHandThumb2,23,0.997281014919281,-0.07198700308799744,-0.015742000192403793,0,0.07345999777317047,0.9880539774894714,0.13547100126743317,0,0.005801999941468239,-0.13625900447368622,0.9906560182571411,0,0.08328499644994736,0.4735170006752014,0,1
B25,mixamorig_RightHandThumb3,24,0.9853990077972412,-0.1700579971075058,0.008280999958515167,0,0.17023999989032745,0.9848530292510986,-0.0329120010137558,0,-0.0025579999200999737,0.03384200111031532,0.9994239807128906,0,-0.002070999937132001,0.4775800108909607,0,1
B26,mixamorig_RightHandThumb4,25,1,0,0,0,0,1,0,0,0,0,1,0,-0.08121500164270401,0.3971160054206848,0,1
B27,mixamorig_RightHandIndex1,22,0.9807860255241394,-0.18683099746704102,0.05615000054240227,0,0.1829179972410202,0.9807559847831726,0.06826099753379822,0,-0.06782300025224686,-0.05667800083756447,0.9960860013961792,0,0,1.0201549530029297,0,1
B28,mixamorig_RightHandIndex2,27,0.9859660267829895,0.1669429987668991,-0.0007239999831654131,0,-0.16662999987602234,0.9843680262565613,0.057043999433517456,0,0.010235999710857868,-0.056122999638319016,0.9983710050582886,0,-0.07540299743413925,0.5894140005111694,0,1
B29,mixamorig_RightHandIndex3,28,0.9934390187263489,-0.11420699954032898,-0.006006999872624874,0,0.11436299979686737,0.9917839765548706,0.05731400102376938,0,-0.0005879999953322113,-0.057624999433755875,0.998337984085083,0,0.0557279996573925,0.5480239987373352,0,1
B30,mixamorig_RightHandIndex4,29,1,0,0,0,0,1,0,0,0,0,1,0,0.019675999879837036,0.41751301288604736,0,1
B31,mixamorig_LeftUpLeg,0,-0.8716229796409607,-0.35390999913215637,0.33914700150489807,0,0.39485299587249756,-0.9169139862060547,0.05796299874782562,0,0.29045501351356506,0.18443499505519867,0.938946008682251,0,1.022987961769104,-0.6898429989814758,-0.1812169998884201,1
B32,mixamorig_LeftLeg,31,0.9920079708099365,-0.06235700100660324,-0.10969199985265732,0,-0.00279000005684793,0.85829097032547,-0.5131549835205078,0,0.12614600360393524,0.5093600153923035,0.8512579798698425,0,0,5.231299877166748,0,1
B33,mixamorig_LeftFoot,32,0.9658910036087036,-0.2575249969959259,0.02710700035095215,0,0.06847599893808365,0.3549720048904419,0.9323660135269165,0,-0.24973000586032867,-0.8987079858779907,0.36049801111221313,0,0,4.76700496673584,0,1
B34,mixamorig_LeftToeBase,33,0.9815660119056702,-0.012918000109493732,0.19068700075149536,0,-0.11215899884700775,0.7689200043678284,0.6294299960136414,0,-0.15475499629974365,-0.6392139792442322,0.753296971321106,0,0,1.9788390398025513,0,1
B35,mixamorig_LeftToe_End,34,1,0,0,0,0,1,0,0,0,0,1,0,0,0.7514830231666565,0,1
B36,mixamorig_RightUpLeg,0,-0.923192024230957,0.28929099440574646,-0.2530370056629181,0,-0.3371390104293823,-0.9256560206413269,0.17175300419330597,0,-0.18453900516033173,0.24386900663375854,0.9520890116691589,0,-1.022987961769104,-0.6898429989814758,-0.09872400015592575,1
B37,mixamorig_RightLeg,36,0.9837660193443298,0.05118200182914734,0.17200499773025513,0,0.07791200280189514,0.7416170239448547,-0.6662840247154236,0,-0.1616629958152771,0.6688680052757263,0.7255899906158447,0,0,5.234388828277588,0,1
B38,mixamorig_RightFoot,37,0.9981899857521057,0.04335600137710571,0.04167800024151802,0,-0.048944998532533646,0.18296299874782562,0.9819009900093079,0,0.03494499996304512,-0.9821630120277405,0.18475399911403656,0,0,4.769873142242432,0,1
B39,mixamorig_RightToeBase,38,0.9818090200424194,0.006622999906539917,-0.18975499272346497,0,0.11018099635839462,0.7940390110015869,0.5977979898452759,0,0.15463200211524963,-0.6078310012817383,0.7788649797439575,0,0,1.9828089475631714,0,1
B40,mixamorig_RightToe_End,39,1,0,0,0,0,1,0,0,0,0,1,0,0,0.7492420077323914,0,1
@34,0,1,2,3,4,5,7,8,9,10,11,12,13,15,16,17,19,20,21,22,23,24,25,27,28,29,31,32,33,34,36,37,38,39
K0.000,0.511084794998169,0.017477910965681076,0.8593521118164062,0,0.06781691312789917,0.995855987071991,-0.06058713048696518,0,-0.8568509221076965,0.08924388140439987,0.5077821612358093,0,-0.1515910029411316,10.94839859008789,0.1559319943189621,1,0.9998049736022949,0.004419085569679737,-0.01922297663986683,0,-0.006237914320081472,0.995398998260498,-0.09561183303594589,0,0.01871202513575554,0.09571315348148346,0.9952329993247986,0,0,1.2427419424057007,-0.1856590062379837,1,0.9982609748840332,0.05490787327289581,-0.021455956622958183,0,-0.052361126989126205,0.9930710196495056,0.10520821809768677,0,0.027084046974778175,-0.10390180349349976,0.9942190647125244,0,0,1.4659559726715088,0,1,0.9982810020446777,0.05479193106293678,-0.020793139934539795,0,-0.05231007561087608,0.9930549263954163,0.10538292676210403,0,0.026422861963510513,-0.10411407798528671,0.9942139983177185,0,0,1.6753770112991333,0,1,0.9925810098648071,-0.05131780728697777,-0.1102202758193016,0,0.07084118574857712,0.980879008769989,0.1812647581100464,0,0.09881071746349335,-0.18772822618484497,0.9772379994392395,0,0,1.8847999572753906,0,1,0.8551120162010193,-0.2459261268377304,-0.45640185475349426,0,0.2568848431110382,0.9656541347503662,-0.0390319786965847,0,0.4503251910209656,-0.08386597782373428,0.8889169096946716,0,0,0.855912983417511,0.3470599949359894,1,-0.05221906304359436,0.002845670562237501,-0.99863201379776,0,0.9608250260353088,-0.27242016792297363,-0.051018353551626205,0,-0.2721923887729645,-0.9621738791465759,0.011491266079246998,0,0.652642011642456,1.576030969619751,-0.03514900058507919,1,0.9049439430236816,-0.11363164335489273,0.4100792109966278,0,-0.1464516520500183,0.8216490149497986,0.5508590936660767,0,-0.3995358347892761,-0.5585528612136841,0.7269040942192078,0,0,1.451390027999878,0,1,-0.14439888298511505,0.9849110841751099,-0.09538906812667847,0,-0.9853990077972412,-0.15191619098186493,-0.07687893509864807,0,-0.09021006524562836,0.08289507031440735,0.9924670457839966,0,0,3.2703590393066406,0,1,0.8528111577033997,-0.021682169288396835,-0.5217697620391846,0,0.008596829138696194,0.999584972858429,-0.027486642822623253,0,0.5221492648124695,0.018955357372760773,0.8526438474655151,0,0,2.8214590549468994,0,1,0.973459005355835,0.22582796216011047,0.03713034465909004,0,-0.2120690494775772,0.9510849118232727,-0.22464212775230408,0,-0.08604466170072556,0.21080589294433594,0.9737341403961182,0,-0.3050509989261627,0.43549299240112305,0,1,0.9990109801292419,0.04101400077342987,0.01718010939657688,0,-0.04269399493932724,0.9927069544792175,0.11274002492427826,0,-0.012430891394615173,-0.11336198449134827,0.9934759736061096,0,-0.06800000369548798,0.4198940098285675,0,1,0.9924959540367126,0.12219838052988052,0.004400075878947973,0,-0.1221156194806099,0.992391049861908,-0.015755778178572655,0,-0.0062919240444898605,0.015100221149623394,0.9998660087585449,0,-0.004792999941855669,0.4857949912548065,0,1,0.9830459952354431,0.18016895651817322,-0.03405839949846268,0,-0.17672304809093475,0.9804980158805847,0.08598285168409348,0,0.04888560250401497,-0.07850614190101624,0.995714008808136,0,0,0.9967560172080994,0,1,0.9960430264472961,-0.08878505229949951,0.003917133901268244,0,0.08820194751024246,0.9929789900779724,0.07882219552993774,0,-0.010887865908443928,-0.07816480845212936,0.9968810081481934,0,0.060189999639987946,0.5512700080871582,0,1,0.9983260035514832,0.0577070452272892,-0.003916149493306875,0,-0.057219959795475006,0.9952470660209656,0.07880000025033951,0,0.008444851264357567,-0.07844401150941849,0.996882975101471,0,-0.026318000629544258,0.4993000030517578,0,1,-0.30892330408096313,0.05677614361047745,0.9493909478187561,0,-0.9493799209594727,-0.07818173617124557,-0.3042442202568054,0,0.05695120245218277,-0.9953209161758423,0.0780542716383934,0,-0.652642011642456,1.5792399644851685,-0.05662799999117851,1,0.05541791766881943,-0.951185941696167,-0.30359992384910583,0,0.8560116291046143,-0.11126227676868439,0.5048403739929199,0,-0.5139768719673157,-0.28786250948905945,0.8080612421035767,0,0,1.451390027999878,0,1,-0.09382505714893341,-0.9928730130195618,0.07348290830850601,0,0.9933819770812988,-0.09827300906181335,-0.059449199587106705,0,0.06624691933393478,0.06741879880428314,0.9955229759216309,0,0,3.2765069007873535,0,1,0.44359996914863586,-0.14435668289661407,0.8845229744911194,0,0.1942853331565857,0.9789630174636841,0.06233289837837219,0,-0.8749129176139832,0.14419887959957123,0.46231406927108765,0,0,2.8292040824890137,0,1,0.9888409972190857,-0.13981999456882477,0.05141729488968849,0,0.14634200930595398,0.9762740135192871,-0.1596027910709381,0,-0.027881702408194542,0.16534622013568878,0.9858409762382507,0,0.32116401195526123,0.5079699754714966,0,1,0.997281014919281,-0.07198730856180191,-0.015742121264338493,0,0.0734596848487854,0.9880539774894714,0.1354709416627884,0,0.005801878869533539,-0.136259064078331,0.9906560182571411,0,0.08328499644994736,0.4735170006752014,0,1,0.985399067401886,-0.17005783319473267,0.008280721493065357,0,0.1702401489019394,0.9848529100418091,-0.032912418246269226,0,-0.0025582786183804274,0.0338415801525116,0.9994239211082458,0,-0.002070999937132001,0.4775800108909607,0,1,0.9807859659194946,-0.18683132529258728,0.056150171905756,0,0.18291769921779633,0.9807561039924622,0.06826072186231613,0,-0.06782282143831253,-0.05667826905846596,0.9960860013961792,0,0,1.0201549530029297,0,1,0.9859660863876343,0.1669427454471588,-0.0007241098210215569,0,-0.16663026809692383,0.9843679666519165,0.05704411119222641,0,0.010235889814794064,-0.05612289533019066,0.9983710646629333,0,-0.07540299743413925,0.5894140005111694,0,1,0.9934390783309937,-0.11420685797929764,-0.00600700406357646,0,0.11436314880847931,0.9917839765548706,0.05731402710080147,0,-0.0005880043609067798,-0.057624973356723785,0.998337984085083,0,0.0557279996573925,0.5480239987373352,0,1,-0.8716229200363159,-0.35390999913215637,0.3391469717025757,0,0.39485299587249756,-0.9169139266014099,0.057962916791439056,0,0.29045501351356506,0.18443505465984344,0.938946008682251,0,1.022987961769104,-0.6898429989814758,-0.1812169998884201,1,0.9920079708099365,-0.0623573437333107,-0.10969163477420807,0,-0.0027903481386601925,0.85829097032547,-0.5131548643112183,0,0.1261463612318039,0.5093600153923035,0.8512578010559082,0,0,5.231299877166748,0,1,0.9658910036087036,-0.2575249969959259,0.027107128873467445,0,0.06847598403692245,0.3549717962741852,0.9323660731315613,0,-0.24972987174987793,-0.8987078070640564,0.3604983389377594,0,0,4.76700496673584,0,1,0.9815658926963806,-0.012918023392558098,0.19068753719329834,0,-0.11215902864933014,0.7689201831817627,0.629429817199707,0,-0.15475448966026306,-0.6392141580581665,0.753296971321106,0,0,1.9788390398025513,0,1,-0.9231919646263123,0.2892910838127136,-0.2530372142791748,0,-0.3371388912200928,-0.9256561994552612,0.17175273597240448,0,-0.1845388114452362,0.24386928975582123,0.9520890116691589,0,-1.022987961769104,-0.6898429989814758,-0.09872400015592575,1,0.9837660789489746,0.05118165910243988,0.1720048487186432,0,0.07791164517402649,0.7416172623634338,-0.6662837862968445,0,-0.16166315972805023,0.6688681244850159,0.7255898118019104,0,0,5.234388828277588,0,1,0.9981899261474609,0.0433557890355587,0.041678447276353836,0,-0.048945218324661255,0.18296317756175995,0.9819009900093079,0,0.034945446997880936,-0.9821630120277405,0.18475393950939178,0,0,4.769873142242432,0,1,0.9818090200424194,0.006622760556638241,-0.18975500762462616,0,0.11018075048923492,0.7940390110015869,0.5977980494499207,0,0.15463195741176605,-0.6078309416770935,0.7788650393486023,0,0,1.9828089475631714,0,1
K0.033,0.5409143567085266,0.010333049111068249,0.8410137891769409,0,0.06109585613012314,0.9968000054359436,-0.05154208838939667,0,-0.8388557434082031,0.07926236838102341,0.538552463054657,0,-0.22931571304798126,10.945073127746582,0.14350470900535583,1,0.9999070167541504,0.004997616168111563,-0.01269504427909851,0,-0.006251394748687744,0.9948949813842773,-0.10072515904903412,0,0.012126840651035309,0.10079508274793625,0.9948329925537109,0,0,1.2427419424057007,-0.1856590062379837,1,0.9986980557441711,0.04997178912162781,-0.010208836756646633,0,-0.048785146325826645,0.994316041469574,0.09463637322187424,0,0.014879968017339706,-0.09401517361402512,0.9954599142074585,0,0,1.4659559726715088,0,1,0.998708963394165,0.04987635463476181,-0.009668021462857723,0,-0.04873957857489586,0.9943090081214905,0.09473003447055817,0,0.014337786473333836,-0.09413649886846542,0.9954560399055481,0,0,1.6753770112991333,0,1,0.9934359192848206,-0.04334695264697075,-0.1058553159236908,0,0.0630069449543953,0.9797379970550537,0.19011524319648743,0,0.09546955674886703,-0.19553692638874054,0.9760380387306213,0,0,1.8847999572753906,0,1,0.8593961000442505,-0.23519176244735718,-0.4540078938007355,0,0.25575608015060425,0.9665989279747009,-0.016608305275440216,0,0.44274967908859253,-0.10184216499328613,0.8908430933952332,0,0,0.855912983417511,0.3470599949359894,1,-0.06111651286482811,0.0021409117616713047,-0.9981279373168945,0,0.9599889516830444,-0.2736721634864807,-0.05936824157834053,0,-0.27328717708587646,-0.9618209600448608,0.014670672826468945,0,0.652642011642456,1.576030969619751,-0.03514900058507919,1,0.9189443588256836,-0.12645812332630157,0.3735630214214325,0,-0.11858762055635452,0.8147656917572021,0.5675325393676758,0,-0.37613552808761597,-0.5658309459686279,0.7337282299995422,0,0,1.451390027999878,0,1,-0.14041584730148315,0.9855169653892517,-0.09507901966571808,0,-0.9860050678253174,-0.14790694415569305,-0.0769263207912445,0,-0.08987502008676529,0.08294668048620224,0.9924929141998291,0,0,3.2703590393066406,0,1,0.8502459526062012,-0.023227035999298096,-0.5258720517158508,0,0.008392992429435253,0.9994969367980957,-0.03057633712887764,0,0.5263181328773499,0.021583784371614456,0.8500139117240906,0,0,2.8214590549468994,0,1,0.973459005355835,0.22582796216011047,0.03713034465909004,0,-0.2120690494775772,0.9510849118232727,-0.22464212775230408,0,-0.08604466170072556,0.21080589294433594,0.9737341403961182,0,-0.3050509989261627,0.43549299240112305,0,1,0.9990109801292419,0.04101400077342987,0.01718010939657688,0,-0.04269399493932724,0.9927069544792175,0.11274002492427826,0,-0.012430891394615173,-0.11336198449134827,0.9934759736061096,0,-0.06800000369548798,0.4198940098285675,0,1,0.9924959540367126,0.12219838052988052,0.004400075878947973,0,-0.1221156194806099,0.992391049861908,-0.015755778178572655,0,-0.0062919240444898605,0.015100221149623394,0.9998660087585449,0,-0.004792999941855669,0.4857949912548065,0,1,0.9830458760261536,0.1801694631576538,-0.034058332443237305,0,-0.17672353982925415,0.9804980158805847,0.08598336577415466,0,0.04888566955924034,-0.07850662618875504,0.995714008808136,0,0,0.9967560172080994,0,1,0.9960430264472961,-0.08878502994775772,0.003916656598448753,0,0.08820196986198425,0.9929789900779724,0.07882167398929596,0,-0.010887343436479568,-0.07816432416439056,0.9968809485435486,0,0.060189999639987946,0.5512700080871582,0,1,0.9983260035514832,0.0577070452272892,-0.003916149493306875,0,-0.057219959795475006,0.9952470660209656,0.07880000025033951,0,0.008444851264357567,-0.07844401150941849,0.996882975101471,0,-0.026318000629544258,0.4993000030517578,0,1,-0.29943132400512695,0.055633507668972015,0.9524949193000793,0,-0.9524038434028625,-0.07723730057477951,-0.2948914170265198,0,0.057162269949913025,-0.9954589605331421,0.07611280679702759,0,-0.652642011642456,1.5792399644851685,-0.05662799999117851,1,0.07246537506580353,-0.9512761235237122,-0.2997046709060669,0,0.8482910394668579,-0.09925421327352524,0.5201449990272522,0,-0.5245481133460999,-0.29192912578582764,0.7997658848762512,0,0,1.451390027999878,0,1,-0.0954182893037796,-0.9927140474319458,0.07357829064130783,0,0.9932230710983276,-0.09987272322177887,-0.05943883955478668,0,0.06635428965091705,0.06740816682577133,0.9955170750617981,0,0,3.2765069007873535,0,1,0.43677401542663574,-0.1506202667951584,0.8868719339370728,0,0.18044061958789825,0.9805150628089905,0.07765910029411316,0,-0.8812891244888306,0.12610837817192078,0.4554419219493866,0,0,2.8292040824890137,0,1,0.9888410568237305,-0.13982100784778595,0.05141734704375267,0,0.14634296298027039,0.9762739539146423,-0.15960225462913513,0,-0.027881653979420662,0.16534574329853058,0.9858410358428955,0,0.32116401195526123,0.5079699754714966,0,1,0.997281014919281,-0.0719873234629631,-0.015742085874080658,0,0.0734596773982048,0.9880540370941162,0.1354699432849884,0,0.005801915656775236,-0.136258065700531,0.9906560182571411,0,0.08328499644994736,0.4735170006752014,0,1,0.985399067401886,-0.17005783319473267,0.008280678652226925,0,0.1702401489019394,0.9848529696464539,-0.032911915332078934,0,-0.0025583214592188597,0.0338410809636116,0.9994239807128906,0,-0.002070999937132001,0.4775800108909607,0,1,0.9807860255241394,-0.18683083355426788,0.05615018680691719,0,0.18291717767715454,0.9807559847831726,0.06826069951057434,0,-0.06782280653715134,-0.05667829141020775,0.9960860013961792,0,0,1.0201549530029297,0,1,0.9859660863876343,0.16694273054599762,-0.0007240263512358069,0,-0.16663023829460144,0.9843679070472717,0.0570451095700264,0,0.010235973633825779,-0.056123893707990646,0.9983710050582886,0,-0.07540299743413925,0.5894140005111694,0,1,0.9934390783309937,-0.11420685797929764,-0.00600700406357646,0,0.11436314880847931,0.9917839765548706,0.05731402710080147,0,-0.0005880043609067798,-0.057624973356723785,0.998337984085083,0,0.0557279996573925,0.5480239987373352,0,1,-0.8698180913925171,-0.3573269844055176,0.3401956856250763,0,0.4039410948753357,-0.9116888046264648,0.07520455121994019,0,0.2832801043987274,0.2028333842754364,0.9373429417610168,0,1.022987961769104,-0.6898429989814758,-0.1812169998884201,1,0.9895630478858948,-0.06294484436511993,-0.12962375581264496,0,-0.011282012797892094,0.8629449009895325,-0.5051711797714233,0,0.14365623891353607,0.5013617277145386,0.8532291650772095,0,0,5.231299877166748,0,1,0.9654190540313721,-0.2601736783981323,0.016581468284130096,0,0.08109766989946365,0.3601570725440979,0.9293599128723145,0,-0.2477671355009079,-0.8958777785301208,0.3688022494316101,0,0,4.76700496673584,0,1,0.981541097164154,-0.013192182406783104,0.19079774618148804,0,-0.11227916926145554,0.7678597569465637,0.6307012438774109,0,-0.1548262983560562,-0.6404820084571838,0.7522050142288208,0,0,1.9788390398025513,0,1,-0.9244881272315979,0.2819206118583679,-0.2565958499908447,0,-0.32864508032798767,-0.9305018782615662,0.16173607110977173,0,-0.19316621124744415,0.2338520586490631,0.9528899192810059,0,-1.022987961769104,-0.6898429989814758,-0.09872400015592575,1,0.9846879839897156,0.05833185836672783,0.1642758697271347,0,0.06767662614583969,0.7405268549919128,-0.6686110496520996,0,-0.16065198183059692,0.6694908142089844,0.7252400517463684,0,0,5.234388828277588,0,1,0.9989870190620422,0.0422598235309124,0.015490386635065079,0,-0.022482778877019882,0.17037653923034668,0.9851220846176147,0,0.03899187222123146,-0.9844719767570496,0.1711539924144745,0,0,4.769873142242432,0,1,0.9817749857902527,0.006987120024859905,-0.1899169236421585,0,0.11034012585878372,0.7926819920539856,0.5995660424232483,0,0.1547330915927887,-0.6095949411392212,0.7774650454521179,0,0,1.9828089475631714,0,1
K0.067,0.5775563716888428,0.003983261529356241,0.8163414001464844,0,0.03571544587612152,0.9989070296287537,-0.0301425289362669,0,-0.8155691623687744,0.04656499996781349,0.576782763004303,0,-0.29922735691070557,10.953542709350586,0.11360228061676025,1,0.9999589323997498,0.0057542650029063225,-0.007014864590018988,0,-0.006503726355731487,0.9936890006065369,-0.11197786778211594,0,0.006326246075332165,0.11201894283294678,0.9936860799789429,0,0,1.2427419424057007,-0.1856590062379837,1,0.9989269971847534,0.04628728702664375,-0.0013701757416129112,0,-0.04606976732611656,0.9963570237159729,0.07176525890827179,0,0.004687006119638681,-0.07162516564130783,0.9974209666252136,0,0,1.4659559726715088,0,1,0.9989309906959534,0.0462210550904274,-0.0009864524472504854,0,-0.04603100195527077,0.9963560104370117,0.07180432230234146,0,0.004301726818084717,-0.07168211787939072,0.9974179267883301,0,0,1.6753770112991333,0,1,0.9943289756774902,-0.03900569677352905,-0.09893392771482468,0,0.05806238576769829,0.9785299897193909,0.19775694608688354,0,0.08909621089696884,-0.20237989723682404,0.975246012210846,0,0,1.8847999572753906,0,1,0.8731398582458496,-0.21995922923088074,-0.4350211024284363,0,0.2585918605327606,0.9654940366744995,0.030843453481793404,0,0.41322633624076843,-0.1394236981868744,0.8998917937278748,0,0,0.855912983417511,0.3470599949359894,1,-0.07408078759908676,0.002059837570413947,-0.9972500205039978,0,0.956087052822113,-0.2841988205909729,-0.07161001861095428,0,-0.28356486558914185,-0.9587630033493042,0.019084302708506584,0,0.652642011642456,1.576030969619751,-0.03514900058507919,1,0.9451857805252075,-0.13299085199832916,0.2982226312160492,0,-0.07630432397127151,0.7980589866638184,0.5977290272712708,0,-0.31749165058135986,-0.5877205729484558,0.7441660761833191,0,0,1.451390027999878,0,1,-0.13687267899513245,0.9860420823097229,-0.09480153769254684,0,-0.9865299463272095,-0.14434029161930084,-0.07696717977523804,0,-0.08957653492689133,0.08298983424901962,0.992516040802002,0,0,3.2703590393066406,0,1,0.8437298536300659,-0.026572909206151962,-0.5361101627349854,0,0.007783068343997002,0.9992749691009521,-0.03728121146559715,0,0.5367116928100586,0.02728266827762127,0.8433242440223694,0,0,2.8214590549468994,0,1,0.9734590649604797,0.2258279025554657,0.03712984919548035,0,-0.21206910908222198,0.9510849118232727,-0.2246420681476593,0,-0.08604414761066437,0.21080590784549713,0.9737340807914734,0,-0.3050509989261627,0.43549299240112305,0,1,0.9990109801292419,0.041013989597558975,0.017180128023028374,0,-0.042694006115198135,0.9927070140838623,0.11274102330207825,0,-0.012430872768163681,-0.11336297541856766,0.9934759736061096,0,-0.06800000369548798,0.4198940098285675,0,1,0.9924959540367126,0.12219838052988052,0.004400075878947973,0,-0.1221156194806099,0.992391049861908,-0.015755778178572655,0,-0.0062919240444898605,0.015100221149623394,0.9998660087585449,0,-0.004792999941855669,0.4857949912548065,0,1,0.9830460548400879,0.1801699697971344,-0.03405831381678581,0,-0.17672400176525116,0.9804979562759399,0.08598337322473526,0,0.048885684460401535,-0.07850661128759384,0.995714008808136,0,0,0.9967560172080994,0,1,0.9960430264472961,-0.08878505229949951,0.003917133901268244,0,0.08820194751024246,0.9929789900779724,0.07882219552993774,0,-0.010887865908443928,-0.07816480845212936,0.9968810081481934,0,0.060189999639987946,0.5512700080871582,0,1,0.9983260631561279,0.05770604684948921,-0.003916189074516296,0,-0.05721895396709442,0.9952470064163208,0.07879998534917831,0,0.008444812148809433,-0.07844401150941849,0.996882975101471,0,-0.026318000629544258,0.4993000030517578,0,1,-0.3050013482570648,0.058617424219846725,0.9505460858345032,0,-0.9512048959732056,-0.06772762537002563,-0.3010362386703491,0,0.046732280403375626,-0.9959799647331238,0.07641422003507614,0,-0.652642011642456,1.5792399644851685,-0.05662799999117851,1,0.08111599832773209,-0.9560629725456238,-0.28171512484550476,0,0.8345494270324707,-0.08938195556402206,0.5436345934867859,0,-0.5449289083480835,-0.27920249104499817,0.7906309366226196,0,0,1.451390027999878,0,1,-0.09819801151752472,-0.9924310445785522,0.0737450122833252,0,0.9929400682449341,-0.10266394913196564,-0.059422895312309265,0,0.06654401123523712,0.0673891082406044,0.9955049753189087,0,0,3.2765069007873535,0,1,0.42564713954925537,-0.16601504385471344,0.8895300030708313,0,0.15167111158370972,0.9822080135345459,0.1107359379529953,0,-0.892087996006012,0.08778161555528641,0.4432540535926819,0,0,2.8292040824890137,0,1,0.9888409972190857,-0.13981999456882477,0.05141729488968849,0,0.14634200930595398,0.9762740135192871,-0.1596027910709381,0,-0.027881702408194542,0.16534622013568878,0.9858409762382507,0,0.32116401195526123,0.5079699754714966,0,1,0.997281014919281,-0.07198730856180191,-0.015742121264338493,0,0.0734596848487854,0.9880539774894714,0.1354709416627884,0,0.005801878869533539,-0.136259064078331,0.9906560182571411,0,0.08328499644994736,0.4735170006752014,0,1,0.985399067401886,-0.17005781829357147,0.008281178772449493,0,0.17024016380310059,0.9848529696464539,-0.03291187435388565,0,-0.002558821579441428,0.033841121941804886,0.9994239211082458,0,-0.002070999937132001,0.4775800108909607,0,1,0.9807860255241394,-0.18683181703090668,0.05615020543336868,0,0.18291817605495453,0.9807559251785278,0.06826023757457733,0,-0.06782278418540955,-0.05667775869369507,0.9960860013961792,0,0,1.0201549530029297,0,1,0.9859660863876343,0.16694273054599762,-0.0007240263512358069,0,-0.16663023829460144,0.9843679070472717,0.0570451095700264,0,0.010235973633825779,-0.056123893707990646,0.9983710050582886,0,-0.07540299743413925,0.5894140005111694,0,1,0.9934390783309937,-0.11420685797929764,-0.00600700406357646,0,0.11436314880847931,0.9917839765548706,0.05731402710080147,0,-0.0005880043609067798,-0.057624973356723785,0.998337984085083,0,0.0557279996573925,0.5480239987373352,0,1,-0.8724860548973083,-0.35129207372665405,0.33964893221855164,0,0.4115390479564667,-0.9030311703681946,0.12316951900720596,0,0.26344525814056396,0.24724264442920685,0.9324529767036438,0,1.022987961769104,-0.6898429989814758,-0.1812169998884201,1,0.9896799921989441,-0.054316144436597824,-0.13260194659233093,0,-0.019073989242315292,0.8672069907188416,-0.4975831210613251,0,0.1420200616121292,0.49497705698013306,0.8572209477424622,0,0,5.231299877166748,0,1,0.9647559523582458,-0.26297324895858765,-0.00955316424369812,0,0.11303538829088211,0.38135674595832825,0.9174911975860596,0,-0.23763249814510345,-0.8862350583076477,0.39764150977134705,0,0,4.76700496673584,0,1,0.9813200235366821,-0.015604187734425068,0.19174794852733612,0,-0.11334720999002457,0.7584449648857117,0.6418050527572632,0,-0.15544503927230835,-0.6515498757362366,0.7425081133842468,0,0,1.9788390398025513,0,1,-0.9279908537864685,0.26704415678977966,-0.25984612107276917,0,-0.31652209162712097,-0.9329298734664917,0.17162513732910156,0,-0.19658680260181427,0.2415136843919754,0.9502761363983154,0,-1.022987961769104,-0.6898429989814758,-0.09872400015592575,1,0.9857059717178345,0.06695795059204102,0.15459918975830078,0,0.05428816005587578,0.7424522042274475,-0.6676958203315735,0,-0.1594899296760559,0.6665441393852234,0.7282038927078247,0,0,5.234388828277588,0,1,0.998757004737854,0.04353031888604164,-0.024290600791573524,0,0.016943953931331635,0.16181905567646027,0.986674964427948,0,0.04688095301389694,-0.9858599901199341,0.16088032722473145,0,0,4.769873142242432,0,1,0.9817410707473755,0.007352340966463089,-0.1900787055492401,0,0.11050034314393997,0.7913200259208679,0.6013339757919312,0,0.15483428537845612,-0.6113579869270325,0.7760589122772217,0,0,1.9828089475631714,0,1
K0.100,0.6174847483634949,-0.0009172252030111849,0.7865821123123169,0,-0.005457245744764805,0.999970018863678,0.005450115539133549,0,-0.7865637540817261,-0.007657936774194241,0.6174613237380981,0,-0.33170798420906067,10.97916030883789,0.04925594478845596,1,0.9999679923057556,0.004249982535839081,-0.0067599802277982235,0,-0.0050710090436041355,0.9919549822807312,-0.1264878660440445,0,0.006168026011437178,0.1265181303024292,0.9919449687004089,0,0,1.2427419424057007,-0.1856590062379837,1,0.9990829825401306,0.04265544191002846,-0.003803262719884515,0,-0.04245654121041298,0.998199999332428,0.04234713315963745,0,0.005602754652500153,-0.04214683920145035,0.9990959763526917,0,0,1.4659559726715088,0,1,0.999085009098053,0.042619913816452026,-0.003559184493497014,0,-0.042431071400642395,0.9981989860534668,0.04239939898252487,0,0.005359833128750324,-0.04220958426594734,0.9990940690040588,0,0,1.6753770112991333,0,1,0.9956050515174866,-0.03687480092048645,-0.08608894050121307,0,0.052389174699783325,0.9812320470809937,0.18557775020599365,0,0.07763004302978516,-0.1892721951007843,0.9788509607315063,0,0,1.8847999572753906,0,1,0.8991310596466064,-0.21135780215263367,-0.3832629323005676,0,0.2607881724834442,0.9619659185409546,0.08131170272827148,0,0.3514999747276306,-0.17306029796600342,0.9200529456138611,0,0,0.855912983417511,0.3470599949359894,1,-0.09110499173402786,0.0018814030336216092,-0.9958399534225464,0,0.9506558179855347,-0.29764336347579956,-0.08753364533185959,0,-0.2965695559978485,-0.9546747803688049,0.025328246876597404,0,0.652642011642456,1.576030969619751,-0.03514900058507919,1,0.9787790179252625,-0.11206789314746857,0.17155706882476807,0,-0.024751896038651466,0.7664150595664978,0.6418690085411072,0,-0.20341676473617554,-0.6324940919876099,0.7473768591880798,0,0,1.451390027999878,0,1,-0.13731616735458374,0.9859769940376282,-0.09483682364225388,0,-0.9864649176597595,-0.1447867602109909,-0.07696196436882019,0,-0.08961381763219833,0.0829850509762764,0.9925130605697632,0,0,3.2703590393066406,0,1,0.8324188590049744,-0.033354032784700394,-0.5531420707702637,0,0.006884968839585781,0.9987319707870483,-0.04986162111163139,0,0.5541038513183594,0.03769739344716072,0.8315930366516113,0,0,2.8214590549468994,0,1,0.9734590649604797,0.2258279025554657,0.03712984919548035,0,-0.21206910908222198,0.9510849118232727,-0.2246420681476593,0,-0.08604414761066437,0.21080590784549713,0.9737340807914734,0,-0.3050509989261627,0.43549299240112305,0,1,0.9990109801292419,0.04101400077342987,0.01718010939657688,0,-0.04269399493932724,0.9927069544792175,0.11274002492427826,0,-0.012430891394615173,-0.11336198449134827,0.9934759736061096,0,-0.06800000369548798,0.4198940098285675,0,1,0.9924959540367126,0.12219838052988052,0.004400075878947973,0,-0.1221156194806099,0.992391049861908,-0.015755778178572655,0,-0.0062919240444898605,0.015100221149623394,0.9998660087585449,0,-0.004792999941855669,0.4857949912548065,0,1,0.9830460548400879,0.1801699846982956,-0.034058861434459686,0,-0.17672400176525116,0.9804979562759399,0.08598291873931885,0,0.04888613522052765,-0.07850607484579086,0.995714008808136,0,0,0.9967560172080994,0,1,0.9960430264472961,-0.08878505229949951,0.003917133901268244,0,0.08820194751024246,0.9929789900779724,0.07882219552993774,0,-0.010887865908443928,-0.07816480845212936,0.9968810081481934,0,0.060189999639987946,0.5512700080871582,0,1,0.9983260631561279,0.05770604684948921,-0.003916189074516296,0,-0.05721895396709442,0.9952470064163208,0.07879998534917831,0,0.008444812148809433,-0.07844401150941849,0.996882975101471,0,-0.026318000629544258,0.4993000030517578,0,1,-0.32063016295433044,0.06490553170442581,0.9449779987335205,0,-0.9467971920967102,-0.051201384514570236,-0.3177306354045868,0,0.027761686593294144,-0.9965770244598389,0.07786907255649567,0,-0.652642011642456,1.5792399644851685,-0.05662799999117851,1,0.09623606503009796,-0.9590519070625305,-0.2663792669773102,0,0.81889408826828,-0.07584487646818161,0.5689117908477783,0,-0.5658193230628967,-0.27288618683815,0.7780627608299255,0,0,1.451390027999878,0,1,-0.12197596579790115,-0.9896829724311829,0.0751684159040451,0,0.9901900291442871,-0.1265392154455185,-0.05925803259015083,0,0.06815841794013977,0.06720297038555145,0.9954090118408203,0,0,3.2765069007873535,0,1,0.41050297021865845,-0.19871610403060913,0.88994300365448,0,0.09679888933897018,0.9799480438232422,0.1741631031036377,0,-0.9067069888114929,0.014651026576757431,0.4215071201324463,0,0,2.8292040824890137,0,1,0.9888409972190857,-0.13982002437114716,0.0514167957007885,0,0.1463419646024704,0.9762740135192871,-0.1596028208732605,0,-0.02788119949400425,0.1653461903333664,0.985840916633606,0,0.32116401195526123,0.5079699754714966,0,1,0.9972810745239258,-0.07198681682348251,-0.015742087736725807,0,0.0734591856598854,0.9880539774894714,0.13547095656394958,0,0.005801913794130087,-0.136259064078331,0.9906560182571411,0,0.08328499644994736,0.4735170006752014,0,1,0.985399067401886,-0.17005783319473267,0.008280678652226925,0,0.1702401489019394,0.9848529696464539,-0.032911915332078934,0,-0.0025583214592188597,0.0338410809636116,0.9994239807128906,0,-0.002070999937132001,0.4775800108909607,0,1,0.9807859659194946,-0.1868313103914261,0.05615021660923958,0,0.18291768431663513,0.9807560443878174,0.06826023012399673,0,-0.06782277673482895,-0.05667777732014656,0.9960860013961792,0,0,1.0201549530029297,0,1,0.9859660863876343,0.16694273054599762,-0.0007240684353746474,0,-0.16663025319576263,0.9843679666519165,0.057044606655836105,0,0.010235930792987347,-0.056123390793800354,0.9983710050582886,0,-0.07540299743413925,0.5894140005111694,0,1,0.9934390783309937,-0.11420685797929764,-0.00600700406357646,0,0.11436314880847931,0.9917839765548706,0.05731402710080147,0,-0.0005880043609067798,-0.057624973356723785,0.998337984085083,0,0.0557279996573925,0.5480239987373352,0,1,-0.879905104637146,-0.3348078429698944,0.3371502459049225,0,0.4164031744003296,-0.8851209878921509,0.20777030289173126,0,0.22885577380657196,0.3232088088989258,0.9182380437850952,0,1.022987961769104,-0.6898429989814758,-0.1812169998884201,1,0.9895370006561279,-0.04551589488983154,-0.13690784573554993,0,-0.029101910069584846,0.8664578795433044,-0.49840110540390015,0,0.14131014049053192,0.49717089533805847,0.8560680747032166,0,0,5.231299877166748,0,1,0.9634279608726501,-0.26578521728515625,-0.034126896411180496,0,0.1497788429260254,0.4285147488117218,0.8910341858863831,0,-0.22219988703727722,-0.8635590076446533,0.452652245759964,0,0,4.76700496673584,0,1,0.9807490110397339,-0.02191191352903843,0.19403982162475586,0,-0.11615191400051117,0.7333228588104248,0.6698851585388184,0,-0.15697219967842102,-0.6795268654823303,0.7166600823402405,0,0,1.9788390398025513,0,1,-0.9329970479011536,0.24577991664409637,-0.26288655400276184,0,-0.3029020428657532,-0.9307498335838318,0.20483022928237915,0,-0.19433844089508057,0.2707348167896271,0.9428340196609497,0,-1.022987961769104,-0.6898429989814758,-0.09872400015592575,1,0.989876925945282,0.06464331597089767,0.12635324895381927,0,0.03564731404185295,0.7484809756278992,-0.6621969938278198,0,-0.1373796910047531,0.6599980592727661,0.7386000752449036,0,0,5.234388828277588,0,1,0.9973870515823364,0.04779409244656563,-0.05418296158313751,0,0.04568709060549736,0.16375477612018585,0.9854430556297302,0,0.05597103759646416,-0.9853429794311523,0.1611432284116745,0,0,4.769873142242432,0,1,0.9817318916320801,0.007454100530594587,-0.19012337923049927,0,0.1105441153049469,0.7909420132637024,0.6018220782279968,0,0.15486262738704681,-0.6118450164794922,0.7756690382957458,0,0,1.9828089475631714,0,1
