1.000,30,30,41
B0,mixamorig_Hips,-1,0.8699859976768494,-0.059418000280857086,0.4894829988479614,0,-0.022672999650239944,0.9868419766426086,0.16009099781513214,0,-0.49255499243736267,-0.15037499368190765,0.8571910262107849,0,-0.03333599865436554,10.948363304138184,-0.0062859999015927315,1
B1,mixamorig_Spine,0,0.99993497133255,0.011215999722480774,-0.0021619999315589666,0,-0.011392000131309032,0.9930580258369446,-0.11707600206136703,0,0.0008340000058524311,0.11709299683570862,0.9931210279464722,0,0,1.2427419424057007,-0.1856590062379837,1
B2,mixamorig_Spine1,1,0.9999899864196777,0.004569999873638153,-0.0003209999995306134,0,-0.004540999885648489,0.9980409741401672,0.06240300089120865,0,0.0006060000159777701,-0.062401000410318375,0.9980509877204895,0,0,1.4659559726715088,0,1
B3,mixamorig_Spine2,2,0.9999889731407166,0.004575999919325113,-0.0003760000108741224,0,-0.004542999900877476,0.9980409741401672,0.0623989999294281,0,0.000661000027321279,-0.06239600107073784,0.9980509877204895,0,0,1.6753770112991333,0,1
B4,mixamorig_Neck,3,0.9906269907951355,-0.08585099875926971,-0.1062450036406517,0,0.11578299850225449,0.9404379725456238,0.31964001059532166,0,0.07247500121593475,-0.32894501090049744,0.9415640234947205,0,0,1.8847999572753906,0,1
B5,mixamorig_Head,4,0.926334023475647,-0.1110519990324974,-0.3599640130996704,0,0.1340930014848709,0.9901769757270813,0.039597999304533005,0,0.3520300090312958,-0.08495000004768372,0.932125985622406,0,0,0.855912983417511,0.3470599949359894,1
B6,mixamorig_HeadTop_End,5,1,0,0,0,0,1,0,0,0,0,1,0,0,2.8392999172210693,1.1512919664382935,1
B7,mixamorig_LeftShoulder,3,0.24761399626731873,0.028454000130295753,-0.9684410095214844,0,0.884630024433136,-0.4142799973487854,0.2140129953622818,0,-0.39511600136756897,-0.9097049832344055,-0.12775300443172455,0,0.652642011642456,1.576030969619751,-0.03514900058507919,1
B8,mixamorig_LeftArm,7,0.5733370184898376,0.29980799555778503,0.7624949812889099,0,-0.6025450229644775,0.7849040031433105,0.14444799721240997,0,-0.5551789999008179,-0.5422549843788147,0.6306629776954651,0,0,1.451390027999878,0,1
B9,mixamorig_LeftForeArm,8,-0.2578909993171692,0.9605339765548706,-0.10424400120973587,0,-0.9610099792480469,-0.26615598797798157,-0.07497599720954895,0,-0.09976299852132797,0.08084399998188019,0.9917219877243042,0,0,3.2703590393066406,0,1
B10,mixamorig_LeftHand,9,0.7899519801139832,0.5728170275688171,-0.21876400709152222,0,-0.5663189888000488,0.8183580040931702,0.09784200042486191,0,0.23507200181484222,0.04659999907016754,0.9708600044250488,0,0,2.8214590549468994,0,1
B11,mixamorig_LeftHandThumb1,10,0.9160230159759521,0.4006560146808624,0.019385000690817833,0,-0.3682270050048828,0.8207460045814514,0.43678900599479675,0,0.1590919941663742,-0.40724700689315796,0.8993549942970276,0,-0.3050509989261627,0.43549299240112305,0,1
B12,mixamorig_LeftHandThumb2,11,0.7021340131759644,-0.7085649967193604,-0.07030300050973892,0,0.5654760003089905,0.49487900733947754,0.6597970128059387,0,-0.4327169954776764,-0.5030210018157959,0.7481480240821838,0,-0.06800000369548798,0.4198940098285675,0,1
B13,mixamorig_LeftHandThumb3,12,0.9481790065765381,-0.3050369918346405,0.08893100172281265,0,0.2705259919166565,0.9218299984931946,0.2775700092315674,0,-0.1666480004787445,-0.2391279935836792,0.9565809965133667,0,-0.004792999941855669,0.4857949912548065,0,1
B14,mixamorig_LeftHandThumb4,13,1,0,0,0,0,1,0,0,0,0,1,0,0.07279200106859207,0.44150298833847046,0,1
B15,mixamorig_LeftHandIndex1,10,0.3921700119972229,0.6339589953422546,0.6665570139884949,0,-0.6749560236930847,-0.2940160036087036,0.6767489910125732,0,0.6250100135803223,-0.7152979969978333,0.31259000301361084,0,0,0.9967560172080994,0,1
B16,mixamorig_LeftHandIndex2,15,0.6026290059089661,0.6146969795227051,0.5089070200920105,0,-0.6517620086669922,0.011136000044643879,0.7583420276641846,0,0.46048301458358765,-0.7886850237846375,0.4073469936847687,0,0.060189999639987946,0.5512700080871582,0,1
B17,mixamorig_LeftHandIndex3,16,0.8570740222930908,0.49987998604774475,0.12467899918556213,0,-0.4777829945087433,0.6806759834289551,0.5553399920463562,0,0.19273699820041656,-0.5355370044708252,0.8222240209579468,0,-0.026318000629544258,0.4993000030517578,0,1
B18,mixamorig_LeftHandIndex4,17,1,0,0,0,0,1,0,0,0,0,1,0,-0.033872999250888824,0.5011600255966187,0,1
B19,mixamorig_RightShoulder,3,0.4780519902706146,-0.047596000134944916,0.8770409822463989,0,-0.8222470283508301,-0.37534400820732117,0.4278160035610199,0,0.30882999300956726,-0.9256629943847656,-0.21856899559497833,0,-0.652642011642456,1.5792399644851685,-0.05662799999117851,1
B20,mixamorig_RightArm,19,0.7686150074005127,-0.38944000005722046,-0.5075110197067261,0,0.595990002155304,0.7241920232772827,0.346902996301651,0,0.23243699967861176,-0.5691069960594177,0.7887269854545593,0,0,1.451390027999878,0,1
B21,mixamorig_RightForeArm,20,-0.13755400478839874,-0.9875670075416565,0.07609999924898148,0,0.9880729913711548,-0.14218099415302277,-0.05913100019097328,0,0.06921599805355072,0.0670590028166771,0.9953449964523315,0,0,3.2765069007873535,0,1
B22,mixamorig_RightHand,21,0.6913089752197266,-0.27206099033355713,0.6693829894065857,0,0.3616180121898651,0.9323099851608276,0.00546099990606308,0,-0.6255589723587036,0.23828600347042084,0.7428969740867615,0,0,2.8292040824890137,0,1
B23,mixamorig_RightHandThumb1,22,0.7055839896202087,-0.6204169988632202,0.34239500761032104,0,0.4621950089931488,0.7691810131072998,0.4412899911403656,0,-0.5371469855308533,-0.15311400592327118,0.8294749855995178,0,0.32116401195526123,0.5079699754714966,0,1
B24,mixamorig_RightHandThumb2,23,0.861100971698761,-0.2694709897041321,0.43114998936653137,0,-0.4117630124092102,0.12783899903297424,0.9022799730300903,0,-0.2982560098171234,-0.9544860124588013,-0.0008759999764151871,0,0.08328499644994736,0.4735170006752014,0,1
B25,mixamorig_RightHandThumb3,24,0.9203810095787048,0.14023999869823456,0.36500999331474304,0,-0.28750699758529663,0.8753929734230042,0.388621985912323,0,-0.2650269865989685,-0.4626230001449585,0.8460149765014648,0,-0.002070999937132001,0.4775800108909607,0,1
B26,mixamorig_RightHandThumb4,25,1,0,0,0,0,1,0,0,0,0,1,0,-0.08121500164270401,0.3971160054206848,0,1
B27,mixamorig_RightHandIndex1,22,0.3418090045452118,-0.7034239768981934,-0.6231859922409058,0,0.7286419868469238,-0.22042399644851685,0.648455023765564,0,-0.593504011631012,-0.6757280230522156,0.43720200657844543,0,0,1.0201549530029297,0,1
B28,mixamorig_RightHandIndex2,27,0.5538179874420166,-0.6670020222663879,-0.4983910024166107,0,0.6840000152587891,0.02312999963760376,0.7291150093078613,0,-0.4747940003871918,-0.7446960210800171,0.46904000639915466,0,-0.07540299743413925,0.5894140005111694,0,1
B29,mixamorig_RightHandIndex3,28,0.7875789999961853,-0.597009003162384,-0.15264199674129486,0,0.5765950083732605,0.626587986946106,0.5243340134620667,0,-0.21738800406455994,-0.5009670257568359,0.8377199769020081,0,0.0557279996573925,0.5480239987373352,0,1
B30,mixamorig_RightHandIndex4,29,1,0,0,0,0,1,0,0,0,0,1,0,0.019675999879837036,0.41751301288604736,0,1
B31,mixamorig_LeftUpLeg,0,-0.872750997543335,-0.2859640121459961,0.39563798904418945,0,0.4581010043621063,-0.7597900032997131,0.46136999130249023,0,0.1686670035123825,0.5839040279388428,0.794107973575592,0,1.022987961769104,-0.6898429989814758,-0.1812169998884201,1
B32,mixamorig_LeftLeg,31,0.9865220189094543,-0.1636269986629486,-0.0011609999928623438,0,0.12609699368476868,0.7647309899330139,-0.6318910121917725,0,0.10428199917078018,0.6232280135154724,0.775056004524231,0,0,5.231299877166748,0,1
B33,mixamorig_LeftFoot,32,0.8917289972305298,-0.1567389965057373,0.4245609939098358,0,-0.30518999695777893,0.4844509959220886,0.8198570013046265,0,-0.334183007478714,-0.8606629967689514,0.3841640055179596,0,0,4.76700496673584,0,1
B34,mixamorig_LeftToeBase,33,0.9827659726142883,-0.000015999999959603883,0.18485400080680847,0,-0.10650800168514252,0.8172749876976013,0.5663189888000488,0,-0.1510860025882721,-0.5762479901313782,0.8031889796257019,0,0,1.9788390398025513,0,1
B35,mixamorig_LeftToe_End,34,1,0,0,0,0,1,0,0,0,0,1,0,0,0.7514830231666565,0,1
B36,mixamorig_RightUpLeg,0,-0.9822409749031067,0.1493300050497055,-0.11358900368213654,0,-0.18633399903774261,-0.8472319841384888,0.49747100472450256,0,-0.021949000656604767,0.509801983833313,0.8600119948387146,0,-1.022987961769104,-0.6898429989814758,-0.09872400015592575,1
B37,mixamorig_RightLeg,36,0.9921720027923584,-0.08788900077342987,-0.08871299773454666,0,0.008589999750256538,0.7567499876022339,-0.6536480188369751,0,0.12458200007677078,0.6477699875831604,0.7515810132026672,0,0,5.234388828277588,0,1
B38,mixamorig_RightFoot,37,0.9781690239906311,0.12169499695301056,0.16845199465751648,0,-0.19857299327850342,0.30834800004959106,0.9303169846534729,0,0.0612730011343956,-0.9434570074081421,0.32578200101852417,0,0,4.769873142242432,0,1
B39,mixamorig_RightToeBase,38,0.9824280142784119,0.000012000000424450263,-0.18663999438285828,0,0.10730800032615662,0.8181530237197876,0.5648990273475647,0,0.15270699560642242,-0.574999988079071,0.8037760257720947,0,0,1.9828089475631714,0,1
B40,mixamorig_RightToe_End,39,1,0,0,0,0,1,0,0,0,0,1,0,0,0.7492420077323914,0,1
@34,0,1,2,3,4,5,7,8,9,10,11,12,13,15,16,17,19,20,21,22,23,24,25,27,28,29,31,32,33,34,36,37,38,39
K0.000,0.8699858784675598,-0.05941825360059738,0.48948320746421814,0,-0.02267325296998024,0.9868419766426086,0.16009095311164856,0,-0.49255478382110596,-0.15037502348423004,0.8571912050247192,0,-0.03333599865436554,10.948363304138184,-0.0062859999015927315,1,0.99993497133255,0.011215997859835625,-0.0021620665211230516,0,-0.011392001993954182,0.9930579662322998,-0.11707600206136703,0,0.000833933416288346,0.11709300428628922,0.9931210875511169,0,0,1.2427419424057007,-0.1856590062379837,1,0.9999899864196777,0.0045699761249125,-0.00032122465199790895,0,-0.004541023168712854,0.9980409145355225,0.06240306794643402,0,0.0006057754508219659,-0.0624009370803833,0.9980509877204895,0,0,1.4659559726715088,0,1,0.9999889731407166,0.004575691185891628,-0.00037610981962643564,0,-0.004543308634310961,0.9980409741401672,0.06239869445562363,0,0.0006608903058804572,-0.06239631399512291,0.9980509877204895,0,0,1.6753770112991333,0,1,0.9906269907951355,-0.08585108071565628,-0.1062447726726532,0,0.11578291654586792,0.9404380321502686,0.31963977217674255,0,0.07247523963451385,-0.32894524931907654,0.9415639042854309,0,0,1.8847999572753906,0,1,0.9263341426849365,-0.11105194687843323,-0.3599637448787689,0,0.13409306108951569,0.9901769757270813,0.03959820047020912,0,0.35203027725219727,-0.0849497988820076,0.9321259260177612,0,0,0.855912983417511,0.3470599949359894,1,0.247614324092865,0.028454076498746872,-0.96844083070755,0,0.8846299648284912,-0.4142797887325287,0.21401312947273254,0,-0.3951161503791809,-0.909704864025116,-0.12775292992591858,0,0.652642011642456,1.576030969619751,-0.03514900058507919,1,0.5733370184898376,0.2998080849647522,0.7624949216842651,0,-0.6025449633598328,0.7849040627479553,0.14444783329963684,0,-0.5551790595054626,-0.5422551035881042,0.6306627988815308,0,0,1.451390027999878,0,1,-0.2578912079334259,0.9605339169502258,-0.10424365103244781,0,-0.9610099196434021,-0.2661559581756592,-0.0749766007065773,0,-0.09976265579462051,0.08084339648485184,0.9917221069335938,0,0,3.2703590393066406,0,1,0.7899521589279175,0.5728169083595276,-0.2187637835741043,0,-0.5663191080093384,0.8183578848838806,0.09784175455570221,0,0.2350722700357437,0.04659975320100784,0.970859944820404,0,0,2.8214590549468994,0,1,0.9160229563713074,0.40065619349479675,0.0193850789219141,0,-0.3682268261909485,0.8207460641860962,0.43678900599479675,0,0.15909206867218018,-0.40724700689315796,0.8993549346923828,0,-0.3050509989261627,0.43549299240112305,0,1,0.7021340131759644,-0.7085648775100708,-0.07030344754457474,0,0.5654759407043457,0.49487900733947754,0.6597970724105835,0,-0.43271738290786743,-0.5030208826065063,0.7481479048728943,0,-0.06800000369548798,0.4198940098285675,0,1,0.9481791257858276,-0.30503666400909424,0.08893081545829773,0,0.27052631974220276,0.9218299388885498,0.2775699496269226,0,-0.16664819419384003,-0.23912806808948517,0.9565809369087219,0,-0.004792999941855669,0.4857949912548065,0,1,0.3921699523925781,0.6339588165283203,0.6665571331977844,0,-0.6749559640884399,-0.2940165400505066,0.6767488718032837,0,0.6250101923942566,-0.7152978181838989,0.3125900328159332,0,0,0.9967560172080994,0,1,0.6026290655136108,0.6146968603134155,0.5089070796966553,0,-0.651762068271637,0.011135946027934551,0.7583419680595398,0,0.4604831039905548,-0.788685142993927,0.40734684467315674,0,0.060189999639987946,0.5512700080871582,0,1,0.8570740818977356,0.4998798370361328,0.12467914819717407,0,-0.47778308391571045,0.6806759834289551,0.5553398728370667,0,0.1927371323108673,-0.53553706407547,0.8222239017486572,0,-0.026318000629544258,0.4993000030517578,0,1,0.4780517816543579,-0.04759569466114044,0.8770411610603333,0,-0.8222472667694092,-0.37534382939338684,0.42781582474708557,0,0.30882978439331055,-0.9256629943847656,-0.2185692936182022,0,-0.652642011642456,1.5792399644851685,-0.05662799999117851,1,0.7686150074005127,-0.3894402086734772,-0.5075109004974365,0,0.5959898233413696,0.7241919040679932,0.3469034433364868,0,0.2324371337890625,-0.5691065788269043,0.7887272834777832,0,0,1.451390027999878,0,1,-0.13755397498607635,-0.9875670671463013,0.07610011100769043,0,0.9880730509757996,-0.14218100905418396,-0.05913136154413223,0,0.06921610981225967,0.06705864518880844,0.9953449964523315,0,0,3.2765069007873535,0,1,0.6913089156150818,-0.2720610201358795,0.6693830490112305,0,0.3616179823875427,0.9323099255561829,0.005460974294692278,0,-0.6255588531494141,0.23828597366809845,0.742897093296051,0,0,2.8292040824890137,0,1,0.7055841088294983,-0.6204169392585754,0.3423949182033539,0,0.4621950089931488,0.769180953502655,0.44129008054733276,0,-0.5371471047401428,-0.1531139314174652,0.829474925994873,0,0.32116401195526123,0.5079699754714966,0,1,0.861100971698761,-0.2694707214832306,0.4311501085758209,0,-0.4117627739906311,0.1278388798236847,0.9022800922393799,0,-0.29825592041015625,-0.9544861316680908,-0.0008758297772146761,0,0.08328499644994736,0.4735170006752014,0,1,0.9203810095787048,0.14023996889591217,0.3650100529193878,0,-0.287507027387619,0.8753930330276489,0.3886219263076782,0,-0.26502689719200134,-0.46262314915657043,0.8460149765014648,0,-0.002070999937132001,0.4775800108909607,0,1,0.34180930256843567,-0.7034237384796143,-0.6231862306594849,0,0.7286422252655029,-0.22042393684387207,0.6484549045562744,0,-0.5935041904449463,-0.6757282018661499,0.4372015595436096,0,0,1.0201549530029297,0,1,0.5538183450698853,-0.6670021414756775,-0.4983903765678406,0,0.6840001940727234,0.02313038893043995,0.7291148900985718,0,-0.47479337453842163,-0.7446965575218201,0.46903976798057556,0,-0.07540299743413925,0.5894140005111694,0,1,0.7875789999961853,-0.5970089435577393,-0.15264223515987396,0,0.5765950083732605,0.6265880465507507,0.5243339538574219,0,-0.21738824248313904,-0.5009671449661255,0.8377198576927185,0,0.0557279996573925,0.5480239987373352,0,1,-0.872750997543335,-0.28596392273902893,0.39563822746276855,0,0.4581010937690735,-0.7597899436950684,0.4613701403141022,0,0.168666809797287,0.5839038491249084,0.7941081523895264,0,1.022987961769104,-0.6898429989814758,-0.1812169998884201,1,0.9865220785140991,-0.16362719237804413,-0.0011607928900048137,0,0.12609679996967316,0.7647308707237244,-0.6318912506103516,0,0.1042822077870369,0.6232278347015381,0.7750561237335205,0,0,5.231299877166748,0,1,0.891728937625885,-0.15673914551734924,0.4245609939098358,0,-0.30519014596939087,0.4844508767127991,0.8198570013046265,0,-0.3341829478740692,-0.8606629371643066,0.384164035320282,0,0,4.76700496673584,0,1,0.9827659726142883,-0.000016452870113425888,0.18485401570796967,0,-0.10650844871997833,0.8172749876976013,0.566318929195404,0,-0.1510859876871109,-0.5762479901313782,0.8031889200210571,0,0,1.9788390398025513,0,1,-0.9822409749031067,0.1493302434682846,-0.11358911544084549,0,-0.1863337755203247,-0.8472321629524231,0.4974708557128906,0,-0.021948907524347305,0.5098021030426025,0.8600119352340698,0,-1.022987961769104,-0.6898429989814758,-0.09872400015592575,1,0.9921720027923584,-0.0878889188170433,-0.08871298283338547,0,0.008590076118707657,0.7567497491836548,-0.6536482572555542,0,0.12458202242851257,0.6477697491645813,0.7515812516212463,0,0,5.234388828277588,0,1,0.9781690835952759,0.12169487029314041,0.1684519648551941,0,-0.19857311248779297,0.30834802985191345,0.9303169250488281,0,0.06127295270562172,-0.9434570670127869,0.32578176259994507,0,0,4.769873142242432,0,1,0.9824280142784119,0.000012238254385010805,-0.1866399496793747,0,0.10730823874473572,0.8181533217430115,0.5648985505104065,0,0.152707040309906,-0.5750004053115845,0.8037757277488708,0,0,1.9828089475631714,0,1
K0.034,0.8410351276397705,-0.06419287621974945,0.5371584892272949,0,-0.03357982635498047,0.9848255515098572,0.17026743292808533,0,-0.5399376749992371,-0.1612386703491211,0.826117753982544,0,0.000003899444436683552,10.898002624511719,-0.057599782943725586,1,0.9999892711639404,0.00450031366199255,-0.000627936446107924,0,-0.0045425668358802795,0.9934682250022888,-0.11402275413274765,0,0.00011069681204389781,0.11402438580989838,0.9934780597686768,0,0,1.2427419424057007,-0.1856590062379837,1,0.9999956488609314,0.002565823495388031,0.0016217193333432078,0,-0.0026667641941457987,0.9978386759757996,0.06565546989440918,0,-0.0014497542288154364,-0.0656595230102539,0.9978414177894592,0,0,1.4659559726715088,0,1,0.9999956488609314,0.0025461697950959206,0.0017093697097152472,0,-0.0026529007591307163,0.9978386759757996,0.06565146893262863,0,-0.0015385157894343138,-0.06565573811531067,0.9978413581848145,0,0,1.6753770112991333,0,1,0.989391028881073,-0.08967498689889908,-0.11430002748966217,0,0.12150402367115021,0.94206702709198,0.31264328956604004,0,0.07964197546243668,-0.32321426272392273,0.9429681301116943,0,0,1.8847999572753906,0,1,0.9111034274101257,-0.12170130014419556,-0.39380231499671936,0,0.14057251811027527,0.9898821115493774,0.019314702600240707,0,0.38746708631515503,-0.07295544445514679,0.9189925193786621,0,0,0.855912983417511,0.3470599949359894,1,0.2630061209201813,0.028429513797163963,-0.9643748998641968,0,0.8810020685195923,-0.4145234227180481,0.2280484288930893,0,-0.3932725489139557,-0.909593939781189,-0.13406851887702942,0,0.652642011642456,1.576030969619751,-0.03514900058507919,1,0.5315758585929871,0.28663498163223267,0.7970365881919861,0,-0.6177802681922913,0.7749660015106201,0.1333247721195221,0,-0.5794609189033508,-0.5632660388946533,0.589030921459198,0,0,1.451390027999878,0,1,-0.260155588388443,0.9599035978317261,-0.10442005842924118,0,-0.9603793025016785,-0.26843520998954773,-0.07492702454328537,0,-0.09995273500680923,0.08079016208648682,0.991706371307373,0,0,3.2703590393066406,0,1,0.7894468903541565,0.5772425532341003,-0.20872241258621216,0,-0.5690640807151794,0.8157358765602112,0.10363820195198059,0,0.23008684813976288,0.036959581077098846,0.9724686145782471,0,0,2.8214590549468994,0,1,0.9160230159759521,0.40065592527389526,0.019386043772101402,0,-0.3682270050048828,0.8207460641860962,0.4367888271808624,0,0.1590910702943802,-0.4072472155094147,0.899354875087738,0,-0.3050509989261627,0.43549299240112305,0,1,0.7021338939666748,-0.7085650563240051,-0.07030332833528519,0,0.5654757618904114,0.4948787987232208,0.6597962975502014,0,-0.43271732330322266,-0.5030205249786377,0.7481481432914734,0,-0.06800000369548798,0.4198940098285675,0,1,0.9481790065765381,-0.30503615736961365,0.08893086016178131,0,0.27052587270736694,0.9218300580978394,0.2775699198246002,0,-0.16664814949035645,-0.23912806808948517,0.9565809965133667,0,-0.004792999941855669,0.4857949912548065,0,1,0.3921698331832886,0.6339581608772278,0.6665579080581665,0,-0.6749557852745056,-0.29401710629463196,0.6767480969429016,0,0.6250100135803223,-0.7152978777885437,0.3125893771648407,0,0,0.9967560172080994,0,1,0.6026293039321899,0.6146968007087708,0.5089068412780762,0,-0.6517621278762817,0.01113642007112503,0.7583419680595398,0,0.4604828655719757,-0.7886850833892822,0.4073471128940582,0,0.060189999639987946,0.5512700080871582,0,1,0.8570740818977356,0.4998798370361328,0.12467914819717407,0,-0.47778308391571045,0.6806759834289551,0.5553398728370667,0,0.1927371323108673,-0.53553706407547,0.8222239017486572,0,-0.026318000629544258,0.4993000030517578,0,1,0.5020294785499573,-0.04802406206727028,0.8635163903236389,0,-0.8080286979675293,-0.38198623061180115,0.44852614402770996,0,0.3083113729953766,-0.9229196310043335,-0.23057325184345245,0,-0.652642011642456,1.5792399644851685,-0.05662799999117851,1,0.774435818195343,-0.3639897108078003,-0.5174573063850403,0,0.5832716226577759,0.7275788187980652,0.3611414134502411,0,0.2450389713048935,-0.581498384475708,0.7757672071456909,0,0,1.451390027999878,0,1,-0.09735189378261566,-0.9925175309181213,0.07369416952133179,0,0.9930266737937927,-0.10181428492069244,-0.059427302330732346,0,0.06648577004671097,0.06739491969347,0.9955083131790161,0,0,3.2765069007873535,0,1,0.7068037390708923,-0.30878540873527527,0.6364595293998718,0,0.35010769963264465,0.934481143951416,0.06457081437110901,0,-0.6146976947784424,0.17719042301177979,0.7686026692390442,0,0,2.8292040824890137,0,1,0.7055841088294983,-0.6204169392585754,0.3423949182033539,0,0.4621950089931488,0.769180953502655,0.44129008054733276,0,-0.5371471047401428,-0.1531139314174652,0.829474925994873,0,0.32116401195526123,0.5079699754714966,0,1,0.8611009120941162,-0.26947131752967834,0.43114981055259705,0,-0.4117623269557953,0.12783873081207275,0.9022799134254456,0,-0.29825612902641296,-0.9544850587844849,-0.0008760784985497594,0,0.08328499644994736,0.4735170006752014,0,1,0.9203799366950989,0.14024008810520172,0.36501118540763855,0,-0.28750789165496826,0.8753930330276489,0.38862183690071106,0,-0.265027791261673,-0.46262314915657043,0.8460140228271484,0,-0.002070999937132001,0.4775800108909607,0,1,0.3418094515800476,-0.7034238576889038,-0.6231859922409058,0,0.7286421656608582,-0.22042351961135864,0.6484548449516296,0,-0.5935039520263672,-0.6757282614707947,0.4372017979621887,0,0,1.0201549530029297,0,1,0.5538181662559509,-0.6670022010803223,-0.4983905255794525,0,0.6840000748634338,0.02312985248863697,0.7291150689125061,0,-0.4747934937477112,-0.7446961998939514,0.4690391421318054,0,-0.07540299743413925,0.5894140005111694,0,1,0.7875789999961853,-0.5970089435577393,-0.15264223515987396,0,0.5765950083732605,0.6265880465507507,0.5243339538574219,0,-0.21738824248313904,-0.5009671449661255,0.8377198576927185,0,0.0557279996573925,0.5480239987373352,0,1,-0.8562296628952026,-0.28821033239364624,0.42872586846351624,0,0.4815847873687744,-0.7456376552581787,0.4605430066585541,0,0.18694095313549042,0.6007986068725586,0.7772350907325745,0,1.022987961769104,-0.6898429989814758,-0.1812169998884201,1,0.9836207628250122,-0.18024441599845886,-0.0012374857906252146,0,0.13553526997566223,0.7441273927688599,-0.6541441082954407,0,0.11882669478654861,0.6432621479034424,0.7563687562942505,0,0,5.231299877166748,0,1,0.8817623853683472,-0.16013145446777344,0.4436819851398468,0,-0.3270789384841919,0.47018301486968994,0.8197245001792908,0,-0.33987513184547424,-0.8679206967353821,0.36221379041671753,0,0,4.76700496673584,0,1,0.982675313949585,-0.0009738116641528904,0.18533064424991608,0,-0.10692465305328369,0.8138025999069214,0.5712207555770874,0,-0.15137875080108643,-0.5811406970024109,0.799599289894104,0,0,1.9788390398025513,0,1,-0.9865400791168213,0.1437097191810608,-0.07801318913698196,0,-0.16299588978290558,-0.8261120915412903,0.5394169092178345,0,0.01307181641459465,0.5448723435401917,0.8384168744087219,0,-1.022987961769104,-0.6898429989814758,-0.09872400015592575,1,0.9886905550956726,-0.112925685942173,-0.0986829325556755,0,0.018080120906233788,0.7429796457290649,-0.6690706014633179,0,0.14887462556362152,0.6597194075584412,0.7366185188293457,0,0,5.234388828277588,0,1,0.9717073440551758,0.11841887980699539,0.20435824990272522,0,-0.231784850358963,0.3117939829826355,0.9214443564414978,0,0.04539872705936432,-0.9427412748336792,0.3304201364517212,0,0,4.769873142242432,0,1,0.9824290871620178,0.000009877765478449874,-0.1866389811038971,0,0.10730784386396408,0.818159282207489,0.5648896098136902,0,0.15270596742630005,-0.5749917030334473,0.8037822246551514,0,0,1.9828089475631714,0,1
K0.069,0.8368831276893616,-0.06998276710510254,0.542888879776001,0,-0.04335863143205643,0.9802017211914062,0.19319486618041992,0,-0.5456610321998596,-0.18522050976753235,0.8172802925109863,0,0.08973874896764755,10.816164016723633,-0.08707142621278763,1,0.9999864101409912,0.0034340089187026024,0.0038500227965414524,0,-0.0029835959430783987,0.9937669634819031,-0.11144068837165833,0,-0.004208715632557869,0.11142773181200027,0.9937641024589539,0,0,1.2427419424057007,-0.1856590062379837,1,0.999957799911499,0.0022123486269265413,0.008883577771484852,0,-0.002832252997905016,0.9975157976150513,0.07038614898920059,0,-0.00870579294860363,-0.07040835916996002,0.9974802136421204,0,0,1.4659559726715088,0,1,0.9999577403068542,0.0022019227035343647,0.008907170034945011,0,-0.0028235064819455147,0.9975157380104065,0.07038536667823792,0,-0.00873006321489811,-0.07040756195783615,0.9974802136421204,0,0,1.6753770112991333,0,1,0.9881551861763,-0.09437918663024902,-0.12100330740213394,0,0.12717823684215546,0.9449248313903809,0.30156686902046204,0,0.08587737381458282,-0.3133837878704071,0.9457350969314575,0,0,1.8847999572753906,0,1,0.8981587886810303,-0.13469502329826355,-0.41853007674217224,0,0.14103764295578003,0.989876925945282,-0.015906402841210365,0,0.41643577814102173,-0.04474201425909996,0.9080637097358704,0,0,0.855912983417511,0.3470599949359894,1,0.282177597284317,0.02753525972366333,-0.9589673280715942,0,0.8767440915107727,-0.4132138788700104,0.2461184561252594,0,-0.38948145508766174,-0.9102174043655396,-0.14074094593524933,0,0.652642011642456,1.576030969619751,-0.03514900058507919,1,0.49130329489707947,0.272765189409256,0.8271756172180176,0,-0.6338880658149719,0.763289213180542,0.12480129301548004,0,-0.5973333716392517,-0.5856526494026184,0.5479096174240112,0,0,1.451390027999878,0,1,-0.25908133387565613,0.9602040648460388,-0.10433714836835861,0,-0.9606788754463196,-0.26735368371009827,-0.07495060563087463,0,-0.09986280649900436,0.08081620186567307,0.9917142391204834,0,0,3.2703590393066406,0,1,0.7914920449256897,0.5773327946662903,-0.20056898891925812,0,-0.5675441026687622,0.8160523772239685,0.10932476073503494,0,0.22679145634174347,0.027302058413624763,0.9735603332519531,0,0,2.8214590549468994,0,1,0.9160230159759521,0.4006560742855072,0.01938561163842678,0,-0.36822694540023804,0.8207460641860962,0.4367888867855072,0,0.1590915322303772,-0.4072471261024475,0.8993549942970276,0,-0.3050509989261627,0.43549299240112305,0,1,0.7021341323852539,-0.7085659503936768,-0.07030288130044937,0,0.56547611951828,0.4948790669441223,0.6597968935966492,0,-0.43271782994270325,-0.5030200481414795,0.7481480240821838,0,-0.06800000369548798,0.4198940098285675,0,1,0.9481789469718933,-0.30503615736961365,0.08893091976642609,0,0.27052584290504456,0.9218300580978394,0.27757003903388977,0,-0.16664808988571167,-0.23912794888019562,0.9565800428390503,0,-0.004792999941855669,0.4857949912548065,0,1,0.3921699523925781,0.6339591145515442,0.6665579676628113,0,-0.6749559044837952,-0.29401731491088867,0.6767488718032837,0,0.6250098943710327,-0.7152969837188721,0.3125893175601959,0,0,0.9967560172080994,0,1,0.6026293039321899,0.6146968007087708,0.5089068412780762,0,-0.6517621278762817,0.01113642007112503,0.7583419680595398,0,0.4604828655719757,-0.7886850833892822,0.4073471128940582,0,0.060189999639987946,0.5512700080871582,0,1,0.8570740818977356,0.4998798370361328,0.12467916309833527,0,-0.47778311371803284,0.6806760430335999,0.5553399920463562,0,0.1927371621131897,-0.5355371236801147,0.822223961353302,0,-0.026318000629544258,0.4993000030517578,0,1,0.5129981637001038,-0.04772399738430977,0.8570622801780701,0,-0.799088716506958,-0.39121904969215393,0.4565134644508362,0,0.31351238489151,-0.9190590977668762,-0.23883026838302612,0,-0.652642011642456,1.5792399644851685,-0.05662799999117851,1,0.7842929363250732,-0.3159012794494629,-0.5339399576187134,0,0.5595504641532898,0.731891393661499,0.3888939917087555,0,0.2679339051246643,-0.6037729382514954,0.7507796883583069,0,0,1.451390027999878,0,1,-0.027628205716609955,-0.9971978068351746,0.0695219561457634,0,0.9977089762687683,-0.031804997473955154,-0.05970725789666176,0,0.0617511086165905,0.06771307438611984,0.9957921504974365,0,0,3.2765069007873535,0,1,0.7192904949188232,-0.34392327070236206,0.6036036014556885,0,0.3388157784938812,0.9321879744529724,0.12739183008670807,0,-0.6064857244491577,0.11287879943847656,0.7870415449142456,0,0,2.8292040824890137,0,1,0.7055839896202087,-0.6204171776771545,0.34239479899406433,0,0.4621948301792145,0.769180178642273,0.4412899613380432,0,-0.5371472239494324,-0.15311403572559357,0.8294748663902283,0,0.32116401195526123,0.5079699754714966,0,1,0.861100971698761,-0.2694711685180664,0.4311497211456299,0,-0.4117622375488281,0.12783873081207275,0.9022799134254456,0,-0.2982562482357025,-0.9544859528541565,-0.0008759867632761598,0,0.08328499644994736,0.4735170006752014,0,1,0.9203800559043884,0.1402401626110077,0.36501073837280273,0,-0.2875077724456787,0.8753930330276489,0.3886219561100006,0,-0.2650272846221924,-0.46262305974960327,0.8460139036178589,0,-0.002070999937132001,0.4775800108909607,0,1,0.34180930256843567,-0.7034237384796143,-0.6231862306594849,0,0.7286422252655029,-0.22042393684387207,0.6484549045562744,0,-0.5935041904449463,-0.6757282018661499,0.4372015595436096,0,0,1.0201549530029297,0,1,0.5538181662559509,-0.6670022010803223,-0.4983904957771301,0,0.6840000748634338,0.02312985248863697,0.7291150689125061,0,-0.47479355335235596,-0.7446962594985962,0.4690391719341278,0,-0.07540299743413925,0.5894140005111694,0,1,0.7875789999961853,-0.5970089435577393,-0.15264220535755157,0,0.5765950083732605,0.6265880465507507,0.5243339538574219,0,-0.21738827228546143,-0.5009670853614807,0.8377198576927185,0,0.0557279996573925,0.5480239987373352,0,1,-0.8510146141052246,-0.27660346031188965,0.44639143347740173,0,0.49301543831825256,-0.7135795950889587,0.49773529171943665,0,0.1808605045080185,0.6436578035354614,0.7436363697052002,0,1.022987961769104,-0.6898429989814758,-0.1812169998884201,1,0.9835639595985413,-0.17988400161266327,0.015610944479703903,0,0.14097875356674194,0.7110579609870911,-0.6888552308082581,0,0.11281377077102661,0.6797340512275696,0.7247308492660522,0,0,5.231299877166748,0,1,0.8897767663002014,-0.15822196006774902,0.42809274792671204,0,-0.3204517960548401,0.4513016641139984,0.8328483700752258,0,-0.3249739706516266,-0.8782325387001038,0.3508553206920624,0,0,4.76700496673584,0,1,0.9826178550720215,-0.0015858362894505262,0.18563181161880493,0,-0.10719095915555954,0.8115724921226501,0.5743345618247986,0,-0.15156447887420654,-0.5842494368553162,0.7972956895828247,0,0,1.9788390398025513,0,1,-0.9861618280410767,0.1466199904680252,-0.0773812085390091,0,-0.16414105892181396,-0.7978897094726562,0.5800252556800842,0,0.023301633074879646,0.5847004652023315,0.8109151124954224,0,-1.022987961769104,-0.6898429989814758,-0.09872400015592575,1,0.9870471954345703,-0.11903773993253708,-0.10755361616611481,0,0.012316395528614521,0.72465580701828,-0.6890007257461548,0,0.1599564254283905,0.6787514686584473,0.7167355418205261,0,0,5.234388828277588,0,1,0.9681514501571655,0.12073482573032379,0.21932880580425262,0,-0.24660935997962952,0.30873218178749084,0.9186229705810547,0,0.043195921927690506,-0.9434547424316406,0.3286738693714142,0,0,4.769873142242432,0,1,0.982429027557373,0.000009019635399454273,-0.18663792312145233,0,0.10730614513158798,0.8181666135787964,0.5648800730705261,0,0.15270593762397766,-0.574981689453125,0.8037892580032349,0,0,1.9828089475631714,0,1
K0.103,0.8542368412017822,-0.0727791041135788,0.5147650837898254,0,-0.05149334296584129,0.973439633846283,0.22307957708835602,0,-0.5173279643058777,-0.21706967055797577,0.8277999758720398,0,0.19455203413963318,10.729086875915527,-0.11914411932229996,1,0.9999340772628784,0.0030250472482293844,0.011097305454313755,0,-0.001791980816051364,0.9939865469932556,-0.1094854548573494,0,-0.011361767537891865,0.109458327293396,0.9939262270927429,0,0,1.2427419424057007,-0.1856590062379837,1,0.9997488856315613,0.0010010128607973456,0.02239205501973629,0,-0.0026932654436677694,0.9971291422843933,0.07567192614078522,0,-0.02225201018154621,-0.07571319490671158,0.9968808889389038,0,0,1.4659559726715088,0,1,0.9997475743293762,0.00099824124481529,0.022429008036851883,0,-0.002693210495635867,0.9971295595169067,0.0756678506731987,0,-0.022289099171757698,-0.07570918649435043,0.9968808889389038,0,0,1.6753770112991333,0,1,0.9873800873756409,-0.09798435121774673,-0.12441890686750412,0,0.1307019293308258,0.9478126764297485,0.29080525040626526,0,0.08943141996860504,-0.30339697003364563,0.948657751083374,0,0,1.8847999572753906,0,1,0.8899861574172974,-0.15194188058376312,-0.4299280643463135,0,0.14290675520896912,0.98829185962677,-0.05344588682055473,0,0.4330150783061981,-0.013873524032533169,0.901279628276825,0,0,0.855912983417511,0.3470599949359894,1,0.30062147974967957,0.02574221044778824,-0.9533957242965698,0,0.8723966479301453,-0.4113905131816864,0.2639734148979187,0,-0.38542288541793823,-0.911095917224884,-0.14613038301467896,0,0.652642011642456,1.576030969619751,-0.03514900058507919,1,0.4566463232040405,0.27450689673423767,0.8462387323379517,0,-0.6530014276504517,0.7494327425956726,0.10926733165979385,0,-0.6042045950889587,-0.6024919152259827,0.5214793682098389,0,0,1.451390027999878,0,1,-0.2633219063282013,0.9590131044387817,-0.10466786473989487,0,-0.9594880938529968,-0.27162235975265503,-0.07485760748386383,0,-0.10021959245204926,0.08071593195199966,0.9916860461235046,0,0,3.2703590393066406,0,1,0.8022253513336182,0.5641946196556091,-0.1952432245016098,0,-0.5516386032104492,0.8255513906478882,0.11899569630622864,0,0.2283199578523636,0.012242333963513374,0.9735094308853149,0,0,2.8214590549468994,0,1,0.9160230159759521,0.40065592527389526,0.019386058673262596,0,-0.3682270348072052,0.8207460641860962,0.4367888271808624,0,0.159091055393219,-0.4072472155094147,0.899354875087738,0,-0.3050509989261627,0.43549299240112305,0,1,0.7021339535713196,-0.7085651159286499,-0.07030308991670609,0,0.5654759407043457,0.49487924575805664,0.659795880317688,0,-0.4327172040939331,-0.5030202269554138,0.7481486797332764,0,-0.06800000369548798,0.4198940098285675,0,1,0.9481790065765381,-0.3050362169742584,0.08893086016178131,0,0.2705259323120117,0.9218300580978394,0.2775699198246002,0,-0.16664814949035645,-0.23912806808948517,0.9565809965133667,0,-0.004792999941855669,0.4857949912548065,0,1,0.3921702206134796,0.6339583396911621,0.6665574908256531,0,-0.6749559640884399,-0.29401692748069763,0.6767489314079285,0,0.6250095963478088,-0.7152974009513855,0.31258919835090637,0,0,0.9967560172080994,0,1,0.6026290655136108,0.6146968603134155,0.5089070796966553,0,-0.651762068271637,0.011135946027934551,0.7583419680595398,0,0.4604831039905548,-0.788685142993927,0.40734684467315674,0,0.060189999639987946,0.5512700080871582,0,1,0.8570740818977356,0.49987971782684326,0.12467940151691437,0,-0.4777832329273224,0.6806759238243103,0.5553408861160278,0,0.1927374005317688,-0.5355380773544312,0.822223961353302,0,-0.026318000629544258,0.4993000030517578,0,1,0.5022573471069336,-0.04753538593649864,0.8634106516838074,0,-0.8012198805809021,-0.40114209055900574,0.4439951479434967,0,0.3252449631690979,-0.9147818684577942,-0.23956291377544403,0,-0.652642011642456,1.5792399644851685,-0.05662799999117851,1,0.7971369624137878,-0.2530990540981293,-0.5481910109519958,0,0.5260688662528992,0.7367365956306458,0.4248183071613312,0,0.29635119438171387,-0.6270244121551514,0.7204272150993347,0,0,1.451390027999878,0,1,0.05823685973882675,-0.9962247610092163,0.06438338756561279,0,0.9967355728149414,0.054411713033914566,-0.05964967980980873,0,0.055921267718076706,0.06764701753854752,0.996141254901886,0,0,3.2765069007873535,0,1,0.7326754927635193,-0.37510570883750916,0.5678763389587402,0,0.3272991180419922,0.9257787466049194,0.18923281133174896,0,-0.596709668636322,0.04721911624073982,0.8010665774345398,0,0,2.8292040824890137,0,1,0.7055841088294983,-0.6204169392585754,0.3423949182033539,0,0.4621950089931488,0.769180953502655,0.44129008054733276,0,-0.5371471047401428,-0.1531139314174652,0.829474925994873,0,0.32116401195526123,0.5079699754714966,0,1,0.8611008524894714,-0.2694709002971649,0.4311501383781433,0,-0.41176292300224304,0.1278383880853653,0.9022799730300903,0,-0.2982558310031891,-0.954486072063446,-0.0008763623773120344,0,0.08328499644994736,0.4735170006752014,0,1,0.920380175113678,0.14023971557617188,0.3650106191635132,0,-0.2875072658061981,0.8753929734230042,0.3886219561100006,0,-0.26502737402915955,-0.4626230001449585,0.8460139632225037,0,-0.002070999937132001,0.4775800108909607,0,1,0.34180930256843567,-0.7034237384796143,-0.6231862306594849,0,0.7286422252655029,-0.22042393684387207,0.6484549045562744,0,-0.5935041904449463,-0.6757282018661499,0.4372015595436096,0,0,1.0201549530029297,0,1,0.5538179874420166,-0.66700279712677,-0.4983901381492615,0,0.6840000748634338,0.023130062967538834,0.7291150093078613,0,-0.47479403018951416,-0.7446959614753723,0.4690398573875427,0,-0.07540299743413925,0.5894140005111694,0,1,0.7875789403915405,-0.5970091223716736,-0.15264180302619934,0,0.5765949487686157,0.6265880465507507,0.5243340730667114,0,-0.21738870441913605,-0.5009670257568359,0.8377200365066528,0,0.0557279996573925,0.5480239987373352,0,1,-0.8612430691719055,-0.25001177191734314,0.44244155287742615,0,0.48383790254592896,-0.6696852445602417,0.5634028315544128,0,0.15543916821479797,0.6992965340614319,0.6977266073226929,0,1.022987961769104,-0.6898429989814758,-0.1812169998884201,1,0.9839749336242676,-0.1781986951828003,0.0062018875032663345,0,0.1270936131477356,0.6765389442443848,-0.7253562211990356,0,0.1250617653131485,0.7145208120346069,0.6883455514907837,0,0,5.231299877166748,0,1,0.8933599591255188,-0.15682865679264069,0.42108455300331116,0,-0.3150368928909302,0.44960907101631165,0.8358249664306641,0,-0.320404976606369,-0.8793503046035767,0.352256178855896,0,0,4.76700496673584,0,1,0.9824657440185547,-0.0032066686544567347,0.18641451001167297,0,-0.10789734125137329,0.8056281805038452,0.5825127959251404,0,-0.1520487666130066,-0.5924127101898193,0.791156530380249,0,0,1.9788390398025513,0,1,-0.9823030829429626,0.15648481249809265,-0.1029258593916893,0,-0.1865057349205017,-0.7666639685630798,0.6143634915351868,0,0.017229005694389343,0.6226871609687805,0.7822813391685486,0,-1.022987961769104,-0.6898429989814758,-0.09872400015592575,1,0.9872835874557495,-0.10751397162675858,-0.11710093915462494,0,-0.007341965101659298,0.7049926519393921,-0.7091758251190186,0,0.15880168974399567,0.7010176777839661,0.6952385902404785,0,0,5.234388828277588,0,1,0.9693925976753235,0.1245010569691658,0.21160568296909332,0,-0.24018512666225433,0.3023014962673187,0.9224555492401123,0,0.05087798088788986,-0.9450461864471436,0.32295215129852295,0,0,4.769873142242432,0,1,0.9824290871620178,0.000006685575954179512,-0.1866369992494583,0,0.10730589926242828,0.8181724548339844,0.5648713707923889,0,0.15270499885082245,-0.5749731659889221,0.8037955164909363,0,0,1.9828089475631714,0,1
