3.867,30,117,41
B0,mixamorig_Hips,-1,0.7029290199279785,-0.023990999907255173,0.710856020450592,0,0.07921099662780762,0.9958540201187134,-0.044718001037836075,0,-0.7068359851837158,0.08774100244045258,0.7019150257110596,0,-0.4746659994125366,10.20528793334961,-9.000432968139648,1
B1,mixamorig_Spine,0,0.9999799728393555,-0.0026459998916834593,-0.005758999846875668,0,0.002303000073879957,0.9982669949531555,-0.058802999556064606,0,0.005905000027269125,0.058788999915122986,0.9982529878616333,0,0,1.2427419424057007,-0.1856590062379837,1
B2,mixamorig_Spine1,1,0.9999650120735168,-0.0017310000257566571,-0.008224000222980976,0,0.0029589999467134476,0.9884229898452759,0.15169399976730347,0,0.007865999825298786,-0.15171299874782562,0.9883930087089539,0,0,1.4659559726715088,0,1
B3,mixamorig_Spine2,2,0.9999539852142334,-0.0015579999890178442,-0.009415999986231327,0,0.002968000015243888,0.988431990146637,0.15163399279117584,0,0.009070999920368195,-0.15165500342845917,0.9883919954299927,0,0,1.6753770112991333,0,1
B4,mixamorig_Neck,3,0.9955700039863586,-0.018526999279856682,-0.09218399971723557,0,0.06094599887728691,0.8737149834632874,0.4826059937477112,0,0.071601003408432,-0.48608601093292236,0.8709729909896851,0,0,1.8847999572753906,0,1
B5,mixamorig_Head,4,0.9001910090446472,-0.1672080010175705,-0.4021170139312744,0,0.06286299973726273,0.963575005531311,-0.25994598865509033,0,0.43093401193618774,0.20872299373149872,0.8779119849205017,0,0,0.855912983417511,0.3470599949359894,1
B6,mixamorig_HeadTop_End,5,1,0,0,0,0,1,0,0,0,0,1,0,0,2.8392999172210693,1.1512919664382935,1
B7,mixamorig_LeftShoulder,3,0.08693400025367737,0.017923999577760696,-0.9960529804229736,0,0.9787110090255737,-0.18813300132751465,0.08203499764204025,0,-0.18592000007629395,-0.98198002576828,-0.0338979996740818,0,0.652642011642456,1.576030969619751,-0.03514900058507919,1
B8,mixamorig_LeftArm,7,0.5848420262336731,0.28737500309944153,0.7585350275039673,0,-0.669734001159668,0.6986479759216309,0.25168898701667786,0,-0.4576190114021301,-0.6552150249481201,0.6010630130767822,0,0,1.451390027999878,0,1
B9,mixamorig_LeftForeArm,8,-0.04618699848651886,0.9950730204582214,-0.08772700279951096,0,-0.9955660104751587,-0.053057000041007996,-0.07767199724912643,0,-0.08194400370121002,0.08375100046396255,0.9931120276451111,0,0,3.2703590393066406,0,1
B10,mixamorig_LeftHand,9,0.7557719945907593,0.011353000067174435,-0.6547359824180603,0,-0.2085379958152771,0.9519670009613037,-0.22421100735664368,0,0.6207420229911804,0.3059900104999542,0.7218379974365234,0,0,2.8214590549468994,0,1
B11,mixamorig_LeftHandThumb1,10,0.7373870015144348,0.6585119962692261,0.15040600299835205,0,-0.6323829889297485,0.751272976398468,-0.18889500200748444,0,-0.23738600313663483,0.04417400062084198,0.9704110026359558,0,-0.3050509989261627,0.43549299240112305,0,1
B12,mixamorig_LeftHandThumb2,11,0.905580997467041,-0.42413100600242615,0.006000000052154064,0,0.32181599736213684,0.6961989998817444,0.6416710019111633,0,-0.27632901072502136,-0.5791540145874023,0.7669569849967957,0,-0.06800000369548798,0.4198940098285675,0,1
B13,mixamorig_LeftHandThumb3,12,0.7701460123062134,-0.6073930263519287,-0.19480399787425995,0,0.46615201234817505,0.32746899127960205,0.8218680024147034,0,-0.4354040026664734,-0.7237669825553894,0.5353360176086426,0,-0.004792999941855669,0.4857949912548065,0,1
B14,mixamorig_LeftHandThumb4,13,1,0,0,0,0,1,0,0,0,0,1,0,0.07279200106859207,0.44150298833847046,0,1
B15,mixamorig_LeftHandIndex1,10,0.48166799545288086,0.6737250089645386,0.5604379773139954,0,-0.7010660171508789,-0.08749199658632278,0.707709014415741,0,0.5258349776268005,-0.7337849736213684,0.4301829934120178,0,0,0.9967560172080994,0,1
B16,mixamorig_LeftHandIndex2,15,0.7382490038871765,0.5715579986572266,0.3582040071487427,0,-0.5992680191993713,0.3119949996471405,0.7372490167617798,0,0.30962300300598145,-0.7589340209960938,0.5728470087051392,0,0.060189999639987946,0.5512700080871582,0,1
B17,mixamorig_LeftHandIndex3,16,0.9310430288314819,0.3611840009689331,0.05200599879026413,0,-0.3500629961490631,0.8438119888305664,0.4067389965057373,0,0.10302499681711197,-0.39689698815345764,0.9120630025863647,0,-0.026318000629544258,0.4993000030517578,0,1
B18,mixamorig_LeftHandIndex4,17,1,0,0,0,0,1,0,0,0,0,1,0,-0.033872999250888824,0.5011600255966187,0,1
B19,mixamorig_RightShoulder,3,0.3783409893512726,-0.06598199903964996,0.9233120083808899,0,-0.873619019985199,-0.3552039861679077,0.3325960040092468,0,0.30601799488067627,-0.9324569702148438,-0.19203099608421326,0,-0.652642011642456,1.5792399644851685,-0.05662799999117851,1
B20,mixamorig_RightArm,19,0.4131470024585724,-0.690267026424408,-0.5940039753913879,0,0.9106640219688416,0.31228798627853394,0.2704949975013733,0,-0.0012130000395700336,-0.6526920199394226,0.7576220035552979,0,0,1.451390027999878,0,1
B21,mixamorig_RightForeArm,20,-0.19567300379276276,-0.9774349927902222,0.07957900315523148,0,0.9779360294342041,-0.20053799450397491,-0.058524999767541885,0,0.07316199690103531,0.06637100130319595,0.9951090216636658,0,0,3.2765069007873535,0,1
B22,mixamorig_RightHand,21,0.5915020108222961,-0.04169199988245964,0.8052250146865845,0,0.1724260002374649,0.9821010231971741,-0.0758109986782074,0,-0.787651002407074,0.18368400633335114,0.5881029963493347,0,0,2.8292040824890137,0,1
B23,mixamorig_RightHandThumb1,22,0.8992419838905334,-0.4030340015888214,-0.17007899284362793,0,0.35476401448249817,0.899366021156311,-0.2555069923400879,0,0.2559410035610199,0.16942499577999115,0.9517300128936768,0,0.32116401195526123,0.5079699754714966,0,1
B24,mixamorig_RightHandThumb2,23,0.9607750177383423,0.27422600984573364,0.041370999068021774,0,-0.2571229934692383,0.8249080181121826,0.5034030079841614,0,0.10391899943351746,-0.49429500102996826,0.8630610108375549,0,0.08328499644994736,0.4735170006752014,0,1
B25,mixamorig_RightHandThumb3,24,0.9776600003242493,0.20485199987888336,-0.0470849983394146,0,-0.17444099485874176,0.9157189726829529,0.36197999119758606,0,0.11726900190114975,-0.34567999839782715,0.9309960007667542,0,-0.002070999937132001,0.4775800108909607,0,1
B26,mixamorig_RightHandThumb4,25,1,0,0,0,0,1,0,0,0,0,1,0,-0.08121500164270401,0.3971160054206848,0,1
B27,mixamorig_RightHandIndex1,22,0.33972400426864624,-0.7095239758491516,-0.6173840165138245,0,0.7593910098075867,-0.1803549975156784,0.625137984752655,0,-0.5548989772796631,-0.6812099814414978,0.4775350093841553,0,0,1.0201549530029297,0,1
B28,mixamorig_RightHandIndex2,27,0.6603189706802368,-0.6377400159835815,-0.39656901359558105,0,0.6522780060768127,0.2253440022468567,0.7237079739570618,0,-0.372173011302948,-0.7365509867668152,0.564782977104187,0,-0.07540299743413925,0.5894140005111694,0,1
B29,mixamorig_RightHandIndex3,28,0.8756319880485535,-0.4760029911994934,-0.08179400116205215,0,0.4655579924583435,0.78677898645401,0.4052579998970032,0,-0.1285499930381775,-0.39293599128723145,0.910535991191864,0,0.0557279996573925,0.5480239987373352,0,1
B30,mixamorig_RightHandIndex4,29,1,0,0,0,0,1,0,0,0,0,1,0,0.019675999879837036,0.41751301288604736,0,1
B31,mixamorig_LeftUpLeg,0,-0.8706640005111694,-0.30974501371383667,0.38210201263427734,0,0.4709610044956207,-0.749085009098053,0.46590501070022583,0,0.14191600680351257,0.5856019854545593,0.7980790138244629,0,1.022987961769104,-0.6898429989814758,-0.1812169998884201,1
B32,mixamorig_LeftLeg,31,0.9984480142593384,-0.012519000098109245,-0.0542679987847805,0,-0.03322400152683258,0.6481490135192871,-0.7607880234718323,0,0.04469799995422363,0.7614099979400635,0.6467270255088806,0,0,5.231299877166748,0,1
B33,mixamorig_LeftFoot,32,0.9751150012016296,-0.21861499547958374,0.03686299920082092,0,0.0745289996266365,0.47983700037002563,0.8741869926452637,0,-0.20879900455474854,-0.84968501329422,0.4841890037059784,0,0,4.76700496673584,0,1
B34,mixamorig_LeftToeBase,33,0.9827340245246887,-0.00036100001307204366,0.18502600491046906,0,-0.10665799677371979,0.8160279989242554,0.5680869817733765,0,-0.15119099617004395,-0.5780119895935059,0.8019000291824341,0,0,1.9788390398025513,0,1
B35,mixamorig_LeftToe_End,34,1,0,0,0,0,1,0,0,0,0,1,0,0,0.7514830231666565,0,1
B36,mixamorig_RightUpLeg,0,-0.9684029817581177,0.1412539929151535,-0.2055329978466034,0,-0.2025420069694519,-0.9263060092926025,0.3177019953727722,0,-0.1455090045928955,0.34929201006889343,0.9256470203399658,0,-1.022987961769104,-0.6898429989814758,-0.09872400015592575,1
B37,mixamorig_RightLeg,36,0.9971780180931091,0.015395999886095524,0.07347200065851212,0,0.059195999056100845,0.44060999155044556,-0.8957449793815613,0,-0.04616300016641617,0.8975669741630554,0.4384549856185913,0,0,5.234388828277588,0,1
B38,mixamorig_RightFoot,37,0.9901340007781982,0.13799400627613068,-0.024356000125408173,0,0.027441000565886497,-0.020493999123573303,0.999413013458252,0,0.13741399347782135,-0.9902210235595703,-0.02407900057733059,0,0,4.769873142242432,0,1
B39,mixamorig_RightToeBase,38,0.982429027557373,0,-0.18663400411605835,0,0.10730300098657608,0.8181949853897095,0.5648379921913147,0,0.15270300209522247,-0.574940025806427,0.8038190007209778,0,0,1.9828089475631714,0,1
B40,mixamorig_RightToe_End,39,1,0,0,0,0,1,0,0,0,0,1,0,0,0.7492420077323914,0,1
@34,0,1,2,3,4,5,7,8,9,10,11,12,13,15,16,17,19,20,21,22,23,24,25,27,28,29,31,32,33,34,36,37,38,39
K0.000,0.7029289603233337,-0.023991091176867485,0.710856020450592,0,0.07921089977025986,0.9958540201187134,-0.044717930257320404,0,-0.706835925579071,0.08774106949567795,0.7019149661064148,0,-0.4746659994125366,10.20528793334961,-9.000432968139648,1,0.9999799132347107,-0.002646099077537656,-0.005759190768003464,0,0.002302900655195117,0.9982669353485107,-0.058803219348192215,0,0.0059048086404800415,0.05878877267241478,0.9982529878616333,0,0,1.2427419424057007,-0.1856590062379837,1,0.9999650716781616,-0.001731209922581911,-0.008223913609981537,0,0.0029587899334728718,0.9884229898452759,0.15169402956962585,0,0.007866086438298225,-0.15171296894550323,0.9883930087089539,0,0,1.4659559726715088,0,1,0.9999539852142334,-0.0015580442268401384,-0.009416084736585617,0,0.00296795554459095,0.988431990146637,0.15163396298885345,0,0.009070915170013905,-0.15165504813194275,0.9883919954299927,0,0,1.6753770112991333,0,1,0.9955700039863586,-0.01852709800004959,-0.09218388795852661,0,0.060945890843868256,0.8737149238586426,0.4826059937477112,0,0.07160110771656036,-0.4860859811306,0.8709729909896851,0,0,1.8847999572753906,0,1,0.9001911282539368,-0.1672080159187317,-0.4021167755126953,0,0.06286299973726273,0.9635749459266663,-0.25994619727134705,0,0.43093425035476685,0.208722785115242,0.8779118657112122,0,0,0.855912983417511,0.3470599949359894,1,0.0869341641664505,0.017924146726727486,-0.9960529804229736,0,0.9787110090255737,-0.18813318014144897,0.0820351392030716,0,-0.18592022359371185,-0.9819799661636353,-0.03389781340956688,0,0.652642011642456,1.576030969619751,-0.03514900058507919,1,0.584842324256897,0.2873748540878296,0.758534848690033,0,-0.6697341203689575,0.6986477375030518,0.25168922543525696,0,-0.45761919021606445,-0.655214786529541,0.6010631322860718,0,0,1.451390027999878,0,1,-0.04618675634264946,0.9950729608535767,-0.0877271369099617,0,-0.9955659508705139,-0.053057339042425156,-0.07767221331596375,0,-0.08194414526224136,0.08375078439712524,0.9931120276451111,0,0,3.2703590393066406,0,1,0.7557719349861145,0.01135322730988264,-0.6547360420227051,0,-0.2085377722978592,0.9519670605659485,-0.22421115636825562,0,0.6207420229911804,0.30598992109298706,0.7218380570411682,0,0,2.8214590549468994,0,1,0.7373870611190796,0.6585118770599365,0.15040628612041473,0,-0.6323832273483276,0.7512729167938232,-0.1888948231935501,0,-0.23738573491573334,0.0441741943359375,0.9704110622406006,0,-0.3050509989261627,0.43549299240112305,0,1,0.9055808186531067,-0.42413127422332764,0.005999490153044462,0,0.32181572914123535,0.6961991786956787,0.6416708827018738,0,-0.27632948756217957,-0.5791540741920471,0.7669567465782166,0,-0.06800000369548798,0.4198940098285675,0,1,0.7701461315155029,-0.6073927283287048,-0.19480428099632263,0,0.4661523401737213,0.32746854424476624,0.8218680620193481,0,-0.4354042708873749,-0.7237668633460999,0.5353360176086426,0,-0.004792999941855669,0.4857949912548065,0,1,0.48166823387145996,0.6737247705459595,0.5604380369186401,0,-0.7010659575462341,-0.0874924510717392,0.7077089548110962,0,0.5258350968360901,-0.7337847948074341,0.4301831126213074,0,0,0.9967560172080994,0,1,0.738248884677887,0.5715580582618713,0.3582039773464203,0,-0.5992679595947266,0.31199517846107483,0.7372490167617798,0,0.30962297320365906,-0.7589340806007385,0.5728470087051392,0,0.060189999639987946,0.5512700080871582,0,1,0.9310430884361267,0.36118385195732117,0.05200563371181488,0,-0.3500632047653198,0.8438119292259216,0.4067389965057373,0,0.10302463173866272,-0.3968970477581024,0.9120630025863647,0,-0.026318000629544258,0.4993000030517578,0,1,0.37834152579307556,-0.06598161160945892,0.9233117699623108,0,-0.8736193776130676,-0.35520344972610474,0.3325957953929901,0,0.30601802468299866,-0.9324570298194885,-0.1920308917760849,0,-0.652642011642456,1.5792399644851685,-0.05662799999117851,1,0.4131465256214142,-0.6902672052383423,-0.5940041542053223,0,0.9106638431549072,0.31228843331336975,0.2704949975013733,0,-0.0012131978292018175,-0.6526919603347778,0.7576220035552979,0,0,1.451390027999878,0,1,-0.19567285478115082,-0.9774349927902222,0.07957924902439117,0,0.9779360890388489,-0.2005380094051361,-0.05852416902780533,0,0.0731622502207756,0.06637183576822281,0.995108962059021,0,0,3.2765069007873535,0,1,0.5915020108222961,-0.04169181361794472,0.805225133895874,0,0.17242619395256042,0.9821010231971741,-0.07581094652414322,0,-0.787651002407074,0.1836840659379959,0.5881029963493347,0,0,2.8292040824890137,0,1,0.8992420434951782,-0.4030340015888214,-0.1700787991285324,0,0.35476404428482056,0.8993659615516663,-0.25550705194473267,0,0.2559412121772766,0.16942492127418518,0.9517300128936768,0,0.32116401195526123,0.5079699754714966,0,1,0.9607750177383423,0.2742259204387665,0.04137098416686058,0,-0.25712305307388306,0.8249078989028931,0.5034031271934509,0,0.10391899198293686,-0.49429482221603394,0.8630610704421997,0,0.08328499644994736,0.4735170006752014,0,1,0.9776599407196045,0.20485247671604156,-0.047084931284189224,0,-0.17444051802158356,0.9157190322875977,0.3619801700115204,0,0.11726906150579453,-0.3456798493862152,0.9309960603713989,0,-0.002070999937132001,0.4775800108909607,0,1,0.3397243618965149,-0.7095240354537964,-0.6173836588859558,0,0.7593910694122314,-0.18035513162612915,0.6251378655433655,0,-0.5548986196517944,-0.6812101006507874,0.4775351583957672,0,0,1.0201549530029297,0,1,0.6603188514709473,-0.6377401947975159,-0.39656901359558105,0,0.6522778868675232,0.22534438967704773,0.7237079739570618,0,-0.372173011302948,-0.7365509867668152,0.5647828578948975,0,-0.07540299743413925,0.5894140005111694,0,1,0.8756318688392639,-0.4760032594203949,-0.08179407566785812,0,0.465557724237442,0.7867793440818787,0.4052577316761017,0,-0.12855006754398346,-0.3929363489151001,0.9105358123779297,0,0.0557279996573925,0.5480239987373352,0,1,-0.8706638216972351,-0.3097449541091919,0.38210248947143555,0,0.4709610342979431,-0.749085009098053,0.46590492129325867,0,0.14191555976867676,0.5856020450592041,0.7980791330337524,0,1.022987961769104,-0.6898429989814758,-0.1812169998884201,1,0.9984480738639832,-0.01251890417188406,-0.05426802113652229,0,-0.03322390466928482,0.6481490731239319,-0.7607879638671875,0,0.04469798132777214,0.7614099979400635,0.6467269659042358,0,0,5.231299877166748,0,1,0.9751150012016296,-0.2186151146888733,0.03686326742172241,0,0.07452888041734695,0.47983700037002563,0.8741869330406189,0,-0.20879875123500824,-0.84968501329422,0.48418915271759033,0,0,4.76700496673584,0,1,0.9827340841293335,-0.0003608203842304647,0.18502582609653473,0,-0.10665781795978546,0.8160282373428345,0.5680866837501526,0,-0.15119117498397827,-0.578012228012085,0.801899790763855,0,0,1.9788390398025513,0,1,-0.968403160572052,0.14125390350818634,-0.20553262531757355,0,-0.20254212617874146,-0.9263061285018921,0.3177018165588379,0,-0.14550939202308655,0.34929218888282776,0.9256469011306763,0,-1.022987961769104,-0.6898429989814758,-0.09872400015592575,1,0.9971780180931091,0.01539568044245243,0.07347192615270615,0,0.059195682406425476,0.44060981273651123,-0.8957451581954956,0,-0.04616306722164154,0.8975668549537659,0.43845516443252563,0,0,5.234388828277588,0,1,0.990134060382843,0.13799384236335754,-0.024356337264180183,0,0.027440838515758514,-0.02049410343170166,0.9994129538536072,0,0.13741366565227509,-0.9902209639549255,-0.024078570306301117,0,0,4.769873142242432,0,1,0.982429027557373,1.8203623142198921e-7,-0.18663389980793,0,0.107303187251091,0.8181949853897095,0.5648380517959595,0,0.15270310640335083,-0.5749400854110718,0.8038190007209778,0,0,1.9828089475631714,0,1
K0.033,0.7023659944534302,-0.022107182070612907,0.7114729881286621,0,0.07817777991294861,0.9958670735359192,-0.04623309150338173,0,-0.7075099945068359,0.08809386938810349,0.7011910676956177,0,-0.47736895084381104,10.221653938293457,-8.971850395202637,1,0.9999780058860779,-0.0029711623210459948,-0.006010397803038359,0,0.0026128545869141817,0.9982680082321167,-0.05876800790429115,0,0.006174598354846239,0.058751024305820465,0.9982540607452393,0,0,1.2427419424057007,-0.1856590062379837,1,0.9999589920043945,-0.002101088408380747,-0.008780992589890957,0,0.003407937241718173,0.9884399175643921,0.1515771448612213,0,0.008361001498997211,-0.15160077810287476,0.9884060025215149,0,0,1.4659559726715088,0,1,0.9999480247497559,-0.00193416653200984,-0.009965076111257076,0,0.003421859350055456,0.988448977470398,0.15151479840278625,0,0.009556921198964119,-0.15154112875461578,0.9884049892425537,0,0,1.6753770112991333,0,1,0.9953259825706482,-0.020682327449321747,-0.09433100372552872,0,0.06382370740175247,0.8739451169967651,0.4818158447742462,0,0.07247500866651535,-0.48558416962623596,0.8711798787117004,0,0,1.8847999572753906,0,1,0.898565948009491,-0.16411061584949493,-0.40699827671051025,0,0.060261379927396774,0.9648008942604065,-0.25598445534706116,0,0.43468177318573,0.2054925113916397,0.8768261671066284,0,0,0.855912983417511,0.3470599949359894,1,0.08358168601989746,0.017817070707678795,-0.9963419437408447,0,0.9778330326080322,-0.19409170746803284,0.07855811715126038,0,-0.19198207557201385,-0.9808220267295837,-0.033644579350948334,0,0.652642011642456,1.576030969619751,-0.03514900058507919,1,0.5973751544952393,0.2823679447174072,0.7506079077720642,0,-0.6647268533706665,0.6979491114616394,0.26646777987480164,0,-0.4486439824104309,-0.6581302285194397,0.6046347618103027,0,0,1.451390027999878,0,1,-0.058852072805166245,0.9943169951438904,-0.08871506154537201,0,-0.9948089122772217,-0.06580599397420883,-0.07761309295892715,0,-0.08301006257534027,0.08368690311908722,0.993028998374939,0,0,3.2703590393066406,0,1,0.7570379972457886,0.010584026575088501,-0.653285026550293,0,-0.2087940126657486,0.95135897397995,-0.2265409231185913,0,0.6191109418869019,0.30790212750434875,0.7224248647689819,0,0,2.8214590549468994,0,1,0.7381080389022827,0.6577730178833008,0.15010790526866913,0,-0.6319010853767395,0.7519420385360718,-0.18783776462078094,0,-0.23642706871032715,0.04379123076796532,0.9706619381904602,0,-0.3050509989261627,0.43549299240112305,0,1,0.9055729508399963,-0.4241490662097931,0.0059891352429986,0,0.3218289613723755,0.6961768865585327,0.6416881680488586,0,-0.27634087204933167,-0.5791678428649902,0.7669422030448914,0,-0.06800000369548798,0.4198940098285675,0,1,0.7701900601387024,-0.6073598861694336,-0.19473478198051453,0,0.4661161005496979,0.32757511734962463,0.8218459486961365,0,-0.43536576628685,-0.723746120929718,0.5353949666023254,0,-0.004792999941855669,0.4857949912548065,0,1,0.48138806223869324,0.6736491918563843,0.5607698559761047,0,-0.7010310292243958,-0.08813008666038513,0.7076640725135803,0,0.5261378884315491,-0.7337779998779297,0.4298240840435028,0,0,0.9967560172080994,0,1,0.7382181286811829,0.5715758204460144,0.35823914408683777,0,-0.5992881059646606,0.3119257986545563,0.737261950969696,0,0.30965718626976013,-0.758948802947998,0.572808027267456,0,0.060189999639987946,0.5512700080871582,0,1,0.9311050176620483,0.36103200912475586,0.051946595311164856,0,-0.34992095828056335,0.8439500331878662,0.40657588839530945,0,0.10294659435749054,-0.3967421352863312,0.9121389985084534,0,-0.026318000629544258,0.4993000030517578,0,1,0.37708693742752075,-0.0657256543636322,0.9238430857658386,0,-0.8736662268638611,-0.35633954405784607,0.331254780292511,0,0.30742979049682617,-0.9320420026779175,-0.19179320335388184,0,-0.652642011642456,1.5792399644851685,-0.05662799999117851,1,0.4169807434082031,-0.6910092830657959,-0.5904518961906433,0,0.9089028239250183,0.31358325481414795,0.2748844027519226,0,-0.0047918385826051235,-0.6512846946716309,0.7588182091712952,0,0,1.451390027999878,0,1,-0.19518209993839264,-0.9775360822677612,0.07954887300729752,0,0.9780370593070984,-0.2000451534986496,-0.058530379086732864,0,0.07312887161970139,0.06637762486934662,0.9951110482215881,0,0,3.2765069007873535,0,1,0.5895177125930786,-0.044672202318906784,0.806519091129303,0,0.1736678183078766,0.9821290373802185,-0.07254185527563095,0,-0.78886479139328,0.1828310191631317,0.586740255355835,0,0,2.8292040824890137,0,1,0.8992419838905334,-0.4030119776725769,-0.1701347827911377,0,0.3548539876937866,0.8994591236114502,-0.25505173206329346,0,0.2558182179927826,0.16898024082183838,0.9518418908119202,0,0.32116401195526123,0.5079699754714966,0,1,0.9611809849739075,0.27289092540740967,0.04076150804758072,0,-0.25582197308540344,0.826047956943512,0.5021950602531433,0,0.10337350517511368,-0.4931280016899109,0.8637930750846863,0,0.08328499644994736,0.4735170006752014,0,1,0.9777389764785767,0.20446105301380157,-0.047132670879364014,0,-0.17410393059253693,0.9159290790557861,0.36160987615585327,0,0.11710532009601593,-0.3453540802001953,0.931136965751648,0,-0.002070999937132001,0.4775800108909607,0,1,0.33911189436912537,-0.7093231678009033,-0.6179508566856384,0,0.7595298290252686,-0.18114887177944183,0.6247401833534241,0,-0.5550838112831116,-0.6812087893486023,0.47732239961624146,0,0,1.0201549530029297,0,1,0.6604809165000916,-0.6376702189445496,-0.3964107036590576,0,0.6522037386894226,0.22565697133541107,0.7236771583557129,0,-0.37201470136642456,-0.7365158200263977,0.5649333000183105,0,-0.07540299743413925,0.5894140005111694,0,1,0.8756850361824036,-0.4759128987789154,-0.08175309747457504,0,0.4654730558395386,0.7868748903274536,0.40516993403434753,0,-0.12849611043930054,-0.3928550183773041,0.9105790257453918,0,0.0557279996573925,0.5480239987373352,0,1,-0.8711059093475342,-0.30862876772880554,0.3819972276687622,0,0.4691580533981323,-0.7528758645057678,0.4615928530693054,0,0.1451357901096344,0.5813138484954834,0.8006311058998108,0,1.022987961769104,-0.6898429989814758,-0.1812169998884201,1,0.99863201379776,-0.012989012524485588,-0.050648581236600876,0,-0.030064016580581665,0.649888277053833,-0.7594347596168518,0,0.04278024658560753,0.7599189877510071,0.6486090421676636,0,0,5.231299877166748,0,1,0.9756600260734558,-0.2161927968263626,0.03670528158545494,0,0.07307513803243637,0.47835981845855713,0.8751180768013,0,-0.20675267279148102,-0.8511359691619873,0.4825151562690735,0,0,4.76700496673584,0,1,0.9827269315719604,-0.00043168271076865494,0.18506111204624176,0,-0.10668868571519852,0.8157710433006287,0.5684500336647034,0,-0.1512128710746765,-0.578374981880188,0.8016339540481567,0,0,1.9788390398025513,0,1,-0.9676209688186646,0.14444184303283691,-0.20699195563793182,0,-0.20525124669075012,-0.9275769591331482,0.3122076988220215,0,-0.1469051092863083,0.3445841073989868,0.9271899461746216,0,-1.022987961769104,-0.6898429989814758,-0.09872400015592575,1,0.9968630075454712,0.01591729000210762,0.07752686738967896,0,0.06224233657121658,0.44736921787261963,-0.892180860042572,0,-0.048884253948926926,0.8942079544067383,0.4449752867221832,0,0,5.234388828277588,0,1,0.9898880124092102,0.13984307646751404,-0.023783573880791664,0,0.026633014902472496,-0.018539804965257645,0.999472975730896,0,0.1393284648656845,-0.9899999499320984,-0.02207677997648716,0,0,4.769873142242432,0,1,0.982429027557373,1.8203623142198921e-7,-0.18663389980793,0,0.107303187251091,0.8181949853897095,0.5648380517959595,0,0.15270310640335083,-0.5749400854110718,0.8038190007209778,0,0,1.9828089475631714,0,1
K0.067,0.7011778950691223,-0.019950805231928825,0.7127071022987366,0,0.07464725524187088,0.9961689710617065,-0.045553967356681824,0,-0.7090679407119751,0.0851430743932724,0.6999810338020325,0,-0.47116905450820923,10.276168823242188,-8.915592193603516,1,0.9999759793281555,-0.0037944428622722626,-0.005794998724013567,0,0.0034385407343506813,0.9981780052185059,-0.06023667752742767,0,0.00601300410926342,0.0602152943611145,0.9981669187545776,0,0,1.2427419424057007,-0.1856590062379837,1,0.9999560117721558,-0.0034087449312210083,-0.008696699514985085,0,0.004667229950428009,0.98881596326828,0.1490684598684311,0,0.008091304451227188,-0.1491026133298874,0.9887891411781311,0,0,1.4659559726715088,0,1,0.9999459981918335,-0.003246079199016094,-0.009837312623858452,0,0.004675895906984806,0.9888250231742859,0.14900805056095123,0,0.00924369040876627,-0.14904601871967316,0.9887869954109192,0,0,1.6753770112991333,0,1,0.9951779842376709,-0.022300852462649345,-0.09551925957202911,0,0.06581412255764008,0.8738799095153809,0.48166725039482117,0,0.07273072749376297,-0.4856308102607727,0.8711331486701965,0,0,1.8847999572753906,0,1,0.8977900147438049,-0.16346198320388794,-0.40896689891815186,0,0.05982502922415733,0.9652300477027893,-0.25446584820747375,0,0.4363420903682709,0.20399019122123718,0.8763519525527954,0,0,0.855912983417511,0.3470599949359894,1,0.08191283047199249,0.017955008894205093,-0.9964780211448669,0,0.9765180945396423,-0.2013416439294815,0.07664424180984497,0,-0.19925634562969208,-0.9793570637702942,-0.034025900065898895,0,0.652642011642456,1.576030969619751,-0.03514900058507919,1,0.6058748960494995,0.27976909279823303,0.744744062423706,0,-0.6590859293937683,0.7007970213890076,0.2729290723800659,0,-0.4455570578575134,-0.6562109589576721,0.6089869737625122,0,0,1.451390027999878,0,1,-0.06542077660560608,0.9938600063323975,-0.08922821283340454,0,-0.9943529963493347,-0.07241801917552948,-0.07757674157619476,0,-0.0835622102022171,0.08364925533533096,0.9929859638214111,0,0,3.2703590393066406,0,1,0.7578670382499695,0.01135691162198782,-0.6523099541664124,0,-0.21372203528881073,0.9489989280700684,-0.23178426921367645,0,0.6164090633392334,0.315074622631073,0.7216421365737915,0,0,2.8214590549468994,0,1,0.738010048866272,0.657863974571228,0.1501859873533249,0,-0.6320030093193054,0.7518691420555115,-0.1877877563238144,0,-0.23645901679992676,0.04367124289274216,0.9706589579582214,0,-0.3050509989261627,0.43549299240112305,0,1,0.9056780338287354,-0.42392194271087646,0.006113933399319649,0,0.32166606187820435,0.6964671611785889,0.6414547562599182,0,-0.2761850655078888,-0.5789852142333984,0.767136812210083,0,-0.06800000369548798,0.4198940098285675,0,1,0.7701575756072998,-0.6073843240737915,-0.194785475730896,0,0.46614161133766174,0.327495276927948,0.8218631744384766,0,-0.4353954493999481,-0.7237616181373596,0.5353500247001648,0,-0.004792999941855669,0.4857949912548065,0,1,0.48113271594047546,0.6735791563987732,0.561072051525116,0,-0.7009966969490051,-0.08871455490589142,0.707625150680542,0,0.526417076587677,-0.7337716817855835,0.4294934868812561,0,0,0.9967560172080994,0,1,0.7381712198257446,0.5716027021408081,0.35829275846481323,0,-0.5993192195892334,0.31182000041007996,0.7372826933860779,0,0.3097098171710968,-0.7589722871780396,0.5727487802505493,0,0.060189999639987946,0.5512700080871582,0,1,0.9311539530754089,0.3609151542186737,0.05190111696720123,0,-0.3498108685016632,0.8440560698509216,0.40644896030426025,0,0.10288611054420471,-0.39662203192710876,0.9121979475021362,0,-0.026318000629544258,0.4993000030517578,0,1,0.37432360649108887,-0.06535398960113525,0.9249922037124634,0,-0.8744130730628967,-0.356931209564209,0.3286369740962982,0,0.3086808919906616,-0.9318421483039856,-0.19075429439544678,0,-0.652642011642456,1.5792399644851685,-0.05662799999117851,1,0.4178507626056671,-0.6917940378189087,-0.5889151096343994,0,0.9084728956222534,0.311886191368103,0.27821508049964905,0,-0.008793064393103123,-0.6512658596038818,0.7587980628013611,0,0,1.451390027999878,0,1,-0.1956479549407959,-0.9774399995803833,0.0795772522687912,0,0.9779410362243652,-0.20051291584968567,-0.05852426961064339,0,0.07316025346517563,0.06637172400951385,0.9951089024543762,0,0,3.2765069007873535,0,1,0.592240035533905,-0.04920486360788345,0.8042579293251038,0,0.17241409420967102,0.9827539324760437,-0.06683707237243652,0,-0.7870990633964539,0.17824901640415192,0.5905099511146545,0,0,2.8292040824890137,0,1,0.8991379141807556,-0.40318694710731506,-0.17027023434638977,0,0.3551100492477417,0.8994689583778381,-0.2546611726284027,0,0.25582873821258545,0.1685108095407486,0.9519220590591431,0,0.32116401195526123,0.5079699754714966,0,1,0.9615920186042786,0.27153098583221436,0.040145136415958405,0,-0.2544979453086853,0.8272058963775635,0.5009612441062927,0,0.10281813889741898,-0.4919368326663971,0.8645381331443787,0,0.08328499644994736,0.4735170006752014,0,1,0.9777799844741821,0.20426109433174133,-0.047156624495983124,0,-0.17393191158771515,0.9160360097885132,0.3614209294319153,0,0.11702137440443039,-0.3451880216598511,0.9312089681625366,0,-0.002070999937132001,0.4775800108909607,0,1,0.33865681290626526,-0.7092289328575134,-0.6183083057403564,0,0.759853184223175,-0.18141090869903564,0.6242700219154358,0,-0.5549182891845703,-0.681236982345581,0.47747379541397095,0,0,1.0201549530029297,0,1,0.6606287956237793,-0.6376070976257324,-0.3962661027908325,0,0.6521368622779846,0.22594286501407623,0.7236490845680237,0,-0.37187010049819946,-0.7364827990531921,0.5650711059570312,0,-0.07540299743413925,0.5894140005111694,0,1,0.8757419586181641,-0.4758141338825226,-0.08170813322067261,0,0.465380996465683,0.7869793176651001,0.4050735831260681,0,-0.1284371316432953,-0.3927654027938843,0.9106257557868958,0,0.0557279996573925,0.5480239987373352,0,1,-0.873878002166748,-0.30456966161727905,0.37891101837158203,0,0.4623004198074341,-0.7617356777191162,0.4539129436016083,0,0.150381937623024,0.5718352198600769,0.8064668774604797,0,1.022987961769104,-0.6898429989814758,-0.1812169998884201,1,0.9990420341491699,-0.008837858214974403,-0.04286792874336243,0,-0.026357853785157204,0.6604248285293579,-0.750429093837738,0,0.034943222999572754,0.75083988904953,0.6595590710639954,0,0,5.231299877166748,0,1,0.9763949513435364,-0.2128293514251709,0.036830030381679535,0,0.07152270525693893,0.47947901487350464,0.8746340274810791,0,-0.20380699634552002,-0.8513540029525757,0.4833829998970032,0,0,4.76700496673584,0,1,0.982712984085083,-0.0005768010159954429,0.18513397872447968,0,-0.10675179958343506,0.8152459263801575,0.5691910982131958,0,-0.15125802159309387,-0.5791147947311401,0.8010911345481873,0,0,1.9788390398025513,0,1,-0.9660871028900146,0.1491735577583313,-0.2107669860124588,0,-0.2095223218202591,-0.9299299716949463,0.302209734916687,0,-0.15091688930988312,0.33612143993377686,0.9296488761901855,0,-1.022987961769104,-0.6898429989814758,-0.09872400015592575,1,0.9963100552558899,0.01618669554591179,0.0842827782034874,0,0.06689564883708954,0.46874192357063293,-0.8807989954948425,0,-0.053764112293720245,0.8831872344017029,0.4659295976161957,0,0,5.234388828277588,0,1,0.9893829226493835,0.1435062438249588,-0.022976337000727654,0,0.02436131052672863,-0.00790110882371664,0.9996719360351562,0,0.1432776302099228,-0.9896180629730225,-0.011313222348690033,0,0,4.769873142242432,0,1,0.982429027557373,-3.1483619977734634e-7,-0.18663404881954193,0,0.107303686439991,0.8181950449943542,0.5648379921913147,0,0.1527029573917389,-0.5749400854110718,0.8038190007209778,0,0,1.9828089475631714,0,1
K0.100,0.6994282007217407,-0.018008973449468613,0.7144758105278015,0,0.06862902641296387,0.9967550039291382,-0.042059559375047684,0,-0.7114000916481018,0.07845144718885422,0.698394775390625,0,-0.45527398586273193,10.356088638305664,-8.83784294128418,1,0.9999650120735168,-0.004819127731025219,-0.0067812190391123295,0,0.0043848734349012375,0.9980250000953674,-0.0626569390296936,0,0.0070697832852602005,0.06262505799531937,0.9980120062828064,0,0,1.2427419424057007,-0.1856590062379837,1,0.9999309778213501,-0.004576801788061857,-0.010791243985295296,0,0.006091200280934572,0.9894459247589111,0.14477309584617615,0,0.010014758445322514,-0.1448289155960083,0.9894060492515564,0,0,1.4659559726715088,0,1,0.999919056892395,-0.00443962961435318,-0.011900941841304302,0,0.00611537229269743,0.9894570708274841,0.14469896256923676,0,0.011133061721920967,-0.14476002752780914,0.989404022693634,0,0,1.6753770112991333,0,1,0.9952329993247986,-0.021900257095694542,-0.09503193199634552,0,0.06484273821115494,0.8764579892158508,0.47709205746650696,0,0.07284306734800339,-0.48097994923591614,0.8737000823020935,0,0,1.8847999572753906,0,1,0.8987119197845459,-0.16090930998325348,-0.4079529047012329,0,0.058278683573007584,0.9658229947090149,-0.25256386399269104,0,0.4346500337123871,0.2032071352005005,0.8773739337921143,0,0,0.855912983417511,0.3470599949359894,1,0.0803670883178711,0.017835162580013275,-0.9966059923171997,0,0.9764009714126587,-0.20248107612133026,0.0751141756772995,0,-0.2004542052745819,-0.9791240096092224,-0.03368711099028587,0,0.652642011642456,1.576030969619751,-0.03514900058507919,1,0.6089927554130554,0.27897393703460693,0.7424962520599365,0,-0.6562560796737671,0.7029779553413391,0.27413299679756165,0,-0.4454827606678009,-0.654213011264801,0.6111871600151062,0,0,1.451390027999878,0,1,-0.07181838154792786,0.9933740496635437,-0.08972646296024323,0,-0.9938660264015198,-0.07885763049125671,-0.0775386244058609,0,-0.08410046249628067,0.08360737562179565,0.992944061756134,0,0,3.2703590393066406,0,1,0.759026050567627,0.006838798988610506,-0.6510249376296997,0,-0.20505119860172272,0.9515669345855713,-0.22907203435897827,0,0.6179270148277283,0.30736497044563293,0.7236660718917847,0,0,2.8214590549468994,0,1,0.7371557950973511,0.6587260365486145,0.15060307085514069,0,-0.6326428055763245,0.7511062026023865,-0.18868716061115265,0,-0.23741190135478973,0.04381385073065758,0.9704200625419617,0,-0.3050509989261627,0.43549299240112305,0,1,0.9058799147605896,-0.42348724603652954,0.006355898454785347,0,0.3213528096675873,0.6970250606536865,0.6410059332847595,0,-0.2758880853652954,-0.5786319375038147,0.767509937286377,0,-0.06800000369548798,0.4198940098285675,0,1,0.7700852751731873,-0.607443630695343,-0.19488699734210968,0,0.4661893844604492,0.3273170292377472,0.8219067454338074,0,-0.4354720115661621,-0.723792314529419,0.5352456569671631,0,-0.004792999941855669,0.4857949912548065,0,1,0.48097702860832214,0.6735362410545349,0.5612576603889465,0,-0.7009729146957397,-0.08907580375671387,0.7076030373573303,0,0.5265906453132629,-0.7337670922279358,0.4292871952056885,0,0,0.9967560172080994,0,1,0.7382411360740662,0.5715620517730713,0.35821276903152466,0,-0.5992730259895325,0.31197816133499146,0.7372519373893738,0,0.30963072180747986,-0.7589371204376221,0.5728369355201721,0,0.060189999639987946,0.5512700080871582,0,1,0.9312059879302979,0.36078590154647827,0.05185122415423393,0,-0.3496900498867035,0.844173014163971,0.4063120484352112,0,0.10282022505998611,-0.39649197459220886,0.9122620224952698,0,-0.026318000629544258,0.4993000030517578,0,1,0.3707260191440582,-0.06509238481521606,0.9264588952064514,0,-0.8764467239379883,-0.35453125834465027,0.32580429315567017,0,0.3072512447834015,-0.9327759146690369,-0.18848392367362976,0,-0.652642011642456,1.5792399644851685,-0.05662799999117851,1,0.41797906160354614,-0.6898360848426819,-0.5911179184913635,0,0.9084059596061707,0.3104696571826935,0.28001439571380615,0,-0.00963989831507206,-0.6540145874023438,0.7564203143119812,0,0,1.451390027999878,0,1,-0.20169901847839355,-0.9761800169944763,0.07993925362825394,0,0.9766809344291687,-0.20658890902996063,-0.05844895914196968,0,0.07357125729322433,0.06628603488206863,0.9950850009918213,0,0,3.2765069007873535,0,1,0.5931103825569153,-0.051990754902362823,0.8034407496452332,0,0.17116525769233704,0.9832429885864258,-0.06273062527179718,0,-0.7867161631584167,0.17472735047340393,0.5920706987380981,0,0,2.8292040824890137,0,1,0.8989760279655457,-0.40347298979759216,-0.17044392228126526,0,0.35545799136161804,0.8994290828704834,-0.2543189823627472,0,0.25591304898262024,0.16804102063179016,0.9519829154014587,0,0.32116401195526123,0.5079699754714966,0,1,0.9619580507278442,0.2703118920326233,0.03959622234106064,0,-0.2533120810985565,0.8282411098480225,0.4998498857021332,0,0.10232021659612656,-0.4908650815486908,0.8652068972587585,0,0.08328499644994736,0.4735170006752014,0,1,0.9777949452400208,0.2041880190372467,-0.047165077179670334,0,-0.17386898398399353,0.9160748720169067,0.3613542318344116,0,0.11699091643095016,-0.34512969851493835,0.931235134601593,0,-0.002070999937132001,0.4775800108909607,0,1,0.338389128446579,-0.7092016935348511,-0.6184871792793274,0,0.760155975818634,-0.18139930069446564,0.6239049434661865,0,-0.5546672344207764,-0.6812688112258911,0.4777199625968933,0,0,1.0201549530029297,0,1,0.6607649326324463,-0.6375480890274048,-0.3961349129676819,0,0.6520749926567078,0.22620420157909393,0.7236228585243225,0,-0.37173691391944885,-0.7364541292190552,0.5651968121528625,0,-0.07540299743413925,0.5894140005111694,0,1,0.875787079334259,-0.4757380187511444,-0.08167363703250885,0,0.4653090238571167,0.7870590090751648,0.40499910712242126,0,-0.12839163839817047,-0.3926968574523926,0.9106621146202087,0,0.0557279996573925,0.5480239987373352,0,1,-0.8767011165618896,-0.2978399395942688,0.37773990631103516,0,0.4538680911064148,-0.7723300457000732,0.44442203640937805,0,0.15937311947345734,0.5610690116882324,0.8122820258140564,0,1.022987961769104,-0.6898429989814758,-0.1812169998884201,1,0.9993860125541687,-0.006784715689718723,-0.034388188272714615,0,-0.020728714764118195,0.6767356991767883,-0.7359342575073242,0,0.028264803811907768,0.7361947894096375,0.6761791706085205,0,0,5.231299877166748,0,1,0.9778310656547546,-0.20594154298305511,0.03786291182041168,0,0.06779647618532181,0.482461154460907,0.8732898235321045,0,-0.1981140673160553,-0.8513631224632263,0.4857277274131775,0,0,4.76700496673584,0,1,0.9827049970626831,-0.0006672256859019399,0.1851787269115448,0,-0.10679122805595398,0.8149169683456421,0.5696551203727722,0,-0.15128523111343384,-0.5795778036117554,0.8007509708404541,0,0,1.9788390398025513,0,1,-0.9647040367126465,0.1534700244665146,-0.21399380266666412,0,-0.21288296580314636,-0.9328330159187317,0.29069599509239197,0,-0.15500719845294952,0.3259909451007843,0.9325780272483826,0,-1.022987961769104,-0.6898429989814758,-0.09872400015592575,1,0.9957739114761353,0.011081856675446033,0.09116730839014053,0,0.07341385632753372,0.5003827214241028,-0.8626861572265625,0,-0.0551786832511425,0.8657328486442566,0.4974542558193207,0,0,5.234388828277588,0,1,0.9882090091705322,0.15164783596992493,-0.02113245613873005,0,0.01986083574593067,0.00989533867686987,0.999754011631012,0,0.15181955695152283,-0.988385021686554,0.006766806356608868,0,0,4.769873142242432,0,1,0.9824299812316895,1.5519884755121893e-7,-0.18663398921489716,0,0.10730315744876862,0.8181949853897095,0.5648380517959595,0,0.15270301699638367,-0.5749400854110718,0.8038190007209778,0,0,1.9828089475631714,0,1
